Ángulo del crista	Tasa con 35kV
theta/°	R(35kV)/Imp/s

17,0	81,0
17,1	88,0
17,2	81,0
17,3	83,0
17,4	79,0
17,5	89,0
17,6	84,0
17,7	90,0
17,8	94,0
17,9	126,0
18,0	265,0
18,1	503,0
18,2	217,0
18,3	111,0
18,4	0,0
18,5	92,0
18,6	88,0
18,7	103,0
18,8	98,0
18,9	86,0
19,0	93,0
19,1	93,0
19,2	79,0
19,3	79,0
19,4	103,0
19,5	97,0
19,6	102,0
19,7	102,0
19,8	96,0
19,9	110,0
20,0	127,0
20,1	180,0
20,2	624,0
20,3	1523,0
20,4	1856,0
20,5	538,0
20,6	139,0
20,7	113,0
20,8	106,0
20,9	91,0
21,0	75,0
21,1	83,0
21,2	85,0
21,3	74,0
21,4	83,0
21,5	82,0
21,6	80,0
21,7	67,0
21,8	69,0
21,9	83,0
22,0	67,0
22,1	73,0
22,2	73,0
22,3	63,0
22,4	75,0
22,5	70,0
22,6	65,0
22,7	68,0
22,8	81,0
22,9	72,0
23,0	78,0
23,1	81,0
23,2	75,0
