Ángulo del crista	Tasa con 35kV
theta/°	R(35kV)/Imp/s

17,0	277,0
17,1	281,0
17,2	320,0
17,3	287,0
17,4	308,0
17,5	269,0
17,6	298,0
17,7	311,0
17,8	374,0
17,9	859,0
18,0	1427,0
18,1	1257,0
18,2	428,0
18,3	352,0
18,4	328,0
18,5	304,0
18,6	300,0
18,7	324,0
18,8	307,0
18,9	294,0
19,0	311,0
19,1	304,0
19,2	333,0
19,3	299,0
19,4	314,0
19,5	297,0
19,6	322,0
19,7	344,0
19,8	370,0
19,9	393,0
20,0	498,0
20,1	873,0
20,2	3764,0
20,3	5765,0
20,4	3204,0
20,5	670,0
20,6	406,0
20,7	373,0
20,8	323,0
20,9	296,0
21,0	308,0
21,1	257,0
21,2	267,0
21,3	287,0
21,4	291,0
21,5	274,0
