Ang	0.1mA	0.2mA	0.3mA	0.4mA	0.5mA	0.6mA	0.7mA	0.8mA	0.9mA	1mA
17.0	20.0	50.0	81.0	117.0	136.0	0.0	200.0	221.0	255.0	277.0
17.1	23.0	57.0	88.0	120.0	140.0	175.0	205.0	225.0	249.0	281.0
17.2	22.0	61.0	81.0	115.0	146.0	159.0	201.0	238.0	258.0	320.0
17.3	29.0	47.0	83.0	105.0	124.0	168.0	215.0	226.0	244.0	287.0
17.4	20.0	51.0	79.0	118.0	144.0	173.0	209.0	242.0	263.0	308.0
17.5	25.0	55.0	89.0	105.0	148.0	172.0	226.0	242.0	255.0	269.0
17.6	27.0	52.0	84.0	136.0	151.0	184.0	218.0	240.0	276.0	298.0
17.7	29.0	50.0	90.0	116.0	166.0	197.0	238.0	269.0	278.0	311.0
17.8	33.0	61.0	94.0	131.0	176.0	210.0	236.0	284.0	311.0	374.0
17.9	39.0	80.0	126.0	215.0	269.0	336.0	373.0	412.0	470.0	859.0
18.0	83.0	167.0	265.0	516.0	661.0	743.0	854.0	925.0	1040.0	1427.0
18.1	151.0	315.0	503.0	624.0	783.0	909.0	1091.0	1172.0	1309.0	1257.0
18.2	62.0	157.0	217.0	205.0	252.0	337.0	385.0	414.0	518.0	428.0
18.3	35.0	68.0	111.0	148.0	175.0	209.0	263.0	303.0	342.0	352.0
18.4	31.0	59.0	0.0	138.0	165.0	195.0	223.0	260.0	296.0	328.0
18.5	34.0	71.0	92.0	135.0	172.0	192.0	212.0	255.0	300.0	304.0
18.6	31.0	59.0	88.0	127.0	155.0	171.0	219.0	227.0	283.0	300.0
18.7	28.0	53.0	103.0	126.0	154.0	187.0	194.0	261.0	283.0	324.0
18.8	25.0	57.0	98.0	131.0	152.0	190.0	231.0	247.0	253.0	307.0
18.9	26.0	58.0	86.0	120.0	156.0	200.0	203.0	242.0	291.0	294.0
19.0	28.0	60.0	93.0	126.0	138.0	179.0	206.0	232.0	253.0	311.0
19.1	24.0	55.0	93.0	111.0	153.0	176.0	222.0	250.0	272.0	304.0
19.2	28.0	58.0	79.0	109.0	155.0	180.0	221.0	243.0	271.0	333.0
19.3	25.0	60.0	79.0	122.0	163.0	180.0	211.0	254.0	262.0	299.0
19.4	29.0	51.0	103.0	128.0	157.0	183.0	217.0	255.0	292.0	314.0
19.5	28.0	63.0	97.0	142.0	163.0	194.0	213.0	258.0	295.0	297.0
19.6	26.0	73.0	102.0	139.0	160.0	219.0	234.0	272.0	301.0	322.0
19.7	28.0	64.0	102.0	151.0	174.0	209.0	246.0	262.0	310.0	344.0
19.8	33.0	62.0	96.0	137.0	178.0	200.0	245.0	301.0	329.0	370.0
19.9	31.0	75.0	110.0	152.0	198.0	235.0	262.0	315.0	366.0	393.0
20.0	40.0	90.0	127.0	196.0	233.0	275.0	337.0	336.0	403.0	498.0
20.1	60.0	117.0	180.0	316.0	382.0	455.0	505.0	588.0	639.0	873.0
20.2	199.0	437.0	624.0	1296.0	1555.0	1724.0	1958.0	2233.0	2376.0	3764.0
20.3	499.0	995.0	1523.0	2383.0	2807.0	3241.0	3638.0	4032.0	4381.0	5765.0
20.4	661.0	1352.0	1856.0	1936.0	2473.0	2945.0	3358.0	3831.0	4319.0	3204.0
20.5	172.0	339.0	538.0	381.0	489.0	632.0	714.0	819.0	962.0	670.0
20.6	48.0	93.0	139.0	180.0	207.0	278.0	317.0	335.0	405.0	406.0
20.7	32.0	61.0	113.0	153.0	184.0	226.0	257.0	272.0	321.0	373.0
20.8	32.0	60.0	106.0	129.0	173.0	207.0	219.0	270.0	324.0	323.0
20.9	21.0	60.0	91.0	125.0	140.0	186.0	213.0	259.0	270.0	296.0
21.0	25.0	51.0	75.0	116.0	140.0	172.0	194.0	230.0	274.0	308.0
21.1	27.0	48.0	83.0	106.0	153.0	173.0	196.0	215.0	251.0	257.0
21.2	25.0	48.0	85.0	125.0	135.0	177.0	205.0	223.0	233.0	267.0
21.3	24.0	53.0	74.0	107.0	152.0	170.0	180.0	221.0	243.0	287.0
21.4	26.0	53.0	83.0	106.0	146.0	168.0	184.0	218.0	253.0	291.0
21.5	30.0	53.0	82.0	105.0	128.0	172.0	194.0	229.0	250.0	274.0
