Ang	In
3,0	1494,0
3,1	1478,0
3,2	1402,0
3,3	1366,0
3,4	1307,0
3,5	1258,0
3,6	1213,0
3,7	1187,0
3,8	1152,0
3,9	1109,0
4,0	1087,0
4,1	1078,0
4,2	1060,0
4,3	1087,0
4,4	1053,0
4,5	1035,0
4,6	1026,0
4,7	1039,0
4,8	988,0
4,9	1038,0
5,0	1039,0
5,1	999,0
5,2	963,0
5,3	952,0
5,4	956,0
5,5	910,0
5,6	930,0
5,7	907,0
5,8	882,0
5,9	860,0
6,0	835,0
6,1	845,0
6,2	829,0
6,3	769,0
6,4	760,0
6,5	752,0
6,6	719,0
6,7	724,0
6,8	706,0
6,9	681,0
7,0	642,0
7,1	627,0
7,2	607,0
7,3	583,0
7,4	573,0
7,5	535,0
7,6	513,0
7,7	488,0
7,8	485,0
7,9	440,0
8,0	414,0
8,1	407,0
8,2	392,0
8,3	365,0
8,4	374,0
8,5	357,0
8,6	355,0
8,7	323,0
8,8	313,0
8,9	309,0
9,0	292,0
9,1	297,0
9,2	280,0
9,3	269,0
9,4	278,0
9,5	288,0
9,6	259,0
9,7	262,0
9,8	281,0
9,9	277,0
10,0	267,0
10,1	280,0
10,2	260,0
10,3	253,0
10,4	265,0
10,5	270,0
10,6	260,0
10,7	277,0
10,8	253,0
10,9	269,0
11,0	260,0
11,1	262,0
11,2	263,0
11,3	263,0
11,4	252,0
11,5	258,0
11,6	265,0
11,7	264,0
11,8	262,0
11,9	254,0
12,0	266,0
12,1	255,0
12,2	260,0
12,3	258,0
12,4	260,0
12,5	271,0
12,6	256,0
12,7	250,0
12,8	259,0
12,9	254,0
13,0	249,0
13,1	254,0
13,2	261,0
13,3	267,0
13,4	264,0
13,5	253,0
13,6	252,0
13,7	258,0
13,8	246,0
13,9	253,0
14,0	248,0
14,1	241,0
14,2	256,0
14,3	268,0
14,4	250,0
14,5	254,0
14,6	239,0
14,7	260,0
14,8	256,0
14,9	249,0
15,0	229,0
15,1	231,0
15,2	253,0
15,3	260,0
15,4	238,0
15,5	248,0
15,6	297,0
15,7	272,0
15,8	275,0
15,9	289,0
16,0	282,0
16,1	280,0
16,2	276,0
16,3	274,0
16,4	269,0
16,5	266,0
16,6	262,0
16,7	286,0
16,8	271,0
16,9	269,0
17,0	278,0
17,1	285,0
17,2	270,0
17,3	275,0
17,4	282,0
17,5	282,0
17,6	281,0
17,7	285,0
17,8	293,0
17,9	314,0
18,0	378,0
18,1	782,0
18,2	1360,0
18,3	566,0
18,4	320,0
18,5	290,0
18,6	282,0
18,7	286,0
18,8	295,0
18,9	291,0
19,0	298,0
19,1	291,0
19,2	300,0
19,3	293,0
19,4	300,0
19,5	293,0
19,6	291,0
19,7	301,0
19,8	324,0
19,9	349,0
20,0	378,0
20,1	446,0
20,2	561,0
20,3	1041,0
20,4	4796,0
20,5	3954,0
20,6	815,0
20,7	371,0
20,8	330,0
20,9	275,0
21,0	272,0
21,1	274,0
21,2	282,0
21,3	263,0
21,4	272,0
21,5	266,0
21,6	282,0
21,7	271,0
21,8	257,0
21,9	254,0
22,0	257,0
22,1	262,0
22,2	246,0
22,3	270,0
22,4	243,0
22,5	245,0
22,6	268,0
22,7	232,0
22,8	255,0
22,9	249,0
23,0	252,0
23,1	232,0
23,2	230,0
23,3	244,0
23,4	234,0
23,5	245,0
23,6	240,0
23,7	233,0
23,8	223,0
23,9	232,0
24,0	234,0
24,1	235,0
24,2	228,0
24,3	243,0
24,4	230,0
24,5	226,0
24,6	227,0
24,7	229,0
24,8	225,0
24,9	231,0
25,0	227,0
25,1	229,0
25,2	210,0
25,3	220,0
25,4	228,0
25,5	211,0
25,6	226,0
25,7	224,0
25,8	222,0
25,9	224,0
26,0	222,0
26,1	217,0
26,2	215,0
26,3	222,0
26,4	224,0
26,5	221,0
26,6	219,0
26,7	214,0
26,8	239,0
26,9	226,0
27,0	231,0
27,1	227,0
27,2	231,0
27,3	238,0
27,4	240,0
27,5	242,0
27,6	218,0
27,7	224,0
27,8	209,0
27,9	226,0
28,0	224,0
28,1	224,0
28,2	219,0
28,3	217,0
28,4	220,0
28,5	212,0
28,6	223,0
28,7	226,0
28,8	212,0
28,9	222,0
29,0	208,0
29,1	217,0
29,2	220,0
29,3	219,0
29,4	210,0
29,5	210,0
29,6	215,0
29,7	218,0
29,8	220,0
29,9	226,0
30,0	233,0
30,1	223,0
30,2	222,0
30,3	221,0
30,4	229,0
30,5	228,0
30,6	228,0
30,7	209,0
30,8	204,0
30,9	217,0
31,0	208,0
31,1	230,0
31,2	208,0
31,3	208,0
31,4	211,0
31,5	215,0
31,6	201,0
31,7	219,0
31,8	212,0
31,9	205,0
32,0	222,0
32,1	223,0
32,2	227,0
32,3	211,0
32,4	209,0
32,5	205,0
32,6	202,0
32,7	194,0
32,8	197,0
32,9	190,0
33,0	199,0
33,1	211,0
33,2	201,0
33,3	207,0
33,4	212,0
33,5	184,0
33,6	193,0
33,7	196,0
33,8	184,0
33,9	207,0
34,0	192,0
34,1	202,0
34,2	188,0
34,3	189,0
34,4	204,0
34,5	199,0
34,6	198,0
34,7	202,0
34,8	0,0
34,9	193,0
35,0	189,0
35,1	204,0
35,2	192,0
35,3	203,0
35,4	191,0
35,5	194,0
35,6	187,0
35,7	196,0
35,8	196,0
35,9	197,0
36,0	188,0
36,1	175,0
36,2	200,0
36,3	194,0
36,4	198,0
36,5	200,0
36,6	195,0
36,7	197,0
36,8	201,0
36,9	206,0
37,0	204,0
37,1	202,0
37,2	207,0
37,3	195,0
37,4	202,0
37,5	198,0
37,6	204,0
37,7	191,0
37,8	189,0
37,9	183,0
38,0	199,0
38,1	204,0
38,2	188,0
38,3	198,0
38,4	199,0
38,5	192,0
38,6	183,0
38,7	175,0
38,8	184,0
38,9	199,0
39,0	181,0
39,1	193,0
39,2	187,0
39,3	183,0
39,4	189,0
39,5	182,0
39,6	191,0
39,7	176,0
39,8	170,0
39,9	180,0
40,0	193,0
40,1	190,0
40,2	191,0
40,3	186,0
40,4	187,0
40,5	185,0
40,6	187,0
40,7	180,0
40,8	189,0
40,9	185,0
41,0	184,0
41,1	194,0
41,2	202,0
41,3	208,0
41,4	243,0
41,5	368,0
41,6	395,0
41,7	264,0
41,8	204,0
41,9	193,0
42,0	188,0
42,1	186,0
42,2	188,0
42,3	184,0
42,4	199,0
42,5	196,0
42,6	183,0
42,7	199,0
42,8	203,0
42,9	184,0
43,0	193,0
43,1	190,0
43,2	178,0
43,3	199,0
43,4	189,0
43,5	194,0
43,6	197,0
43,7	184,0
43,8	193,0
43,9	187,0
44,0	183,0
44,1	172,0
44,2	196,0
44,3	187,0
44,4	195,0
44,5	196,0
44,6	204,0
44,7	187,0
44,8	191,0
44,9	187,0
45,0	192,0
45,1	175,0
45,2	192,0
45,3	189,0
45,4	196,0
45,5	193,0
45,6	190,0
45,7	196,0
45,8	206,0
45,9	216,0
46,0	201,0
46,1	187,0
46,2	201,0
46,3	206,0
46,4	202,0
46,5	195,0
46,6	211,0
46,7	211,0
46,8	201,0
46,9	203,0
47,0	220,0
47,1	211,0
47,2	224,0
47,3	228,0
47,4	245,0
47,5	262,0
47,6	384,0
47,7	1034,0
47,8	1228,0
47,9	825,0
48,0	615,0
48,1	326,0
48,2	230,0
48,3	225,0
48,4	214,0
48,5	201,0
48,6	201,0
48,7	214,0
48,8	202,0
48,9	212,0
49,0	204,0
49,1	204,0
49,2	204,0
49,3	203,0
49,4	203,0
49,5	199,0
49,6	199,0
49,7	212,0
49,8	190,0
49,9	184,0
50,0	176,0
50,1	192,0
50,2	194,0
50,3	184,0
50,4	189,0
50,5	193,0
50,6	179,0
50,7	194,0
50,8	196,0
50,9	199,0
51,0	183,0
51,1	199,0
51,2	179,0
51,3	185,0
51,4	193,0
51,5	199,0
51,6	198,0
51,7	180,0
51,8	179,0
51,9	192,0
52,0	181,0
52,1	191,0
52,2	194,0
52,3	199,0
52,4	196,0
52,5	189,0
52,6	194,0
52,7	203,0
52,8	192,0
52,9	190,0
53,0	207,0
53,1	212,0
53,2	194,0
53,3	201,0
53,4	201,0
53,5	204,0
53,6	191,0
53,7	198,0
53,8	208,0
53,9	201,0
54,0	214,0
54,1	196,0
54,2	202,0
54,3	200,0
54,4	200,0
54,5	206,0
54,6	213,0
54,7	212,0
54,8	214,0
54,9	208,0
55,0	203,0
