Ángulo del crista	Tasa con 35kV
theta/°	R(35kV)/Imp/s

17,0	117,0
17,1	120,0
17,2	115,0
17,3	105,0
17,4	118,0
17,5	105,0
17,6	136,0
17,7	116,0
17,8	131,0
17,9	215,0
18,0	516,0
18,1	624,0
18,2	205,0
18,3	148,0
18,4	138,0
18,5	135,0
18,6	127,0
18,7	126,0
18,8	131,0
18,9	120,0
19,0	126,0
19,1	111,0
19,2	109,0
19,3	122,0
19,4	128,0
19,5	142,0
19,6	139,0
19,7	151,0
19,8	137,0
19,9	152,0
20,0	196,0
20,1	316,0
20,2	1296,0
20,3	2383,0
20,4	1936,0
20,5	381,0
20,6	180,0
20,7	153,0
20,8	129,0
20,9	125,0
21,0	116,0
21,1	106,0
21,2	125,0
21,3	107,0
21,4	106,0
21,5	105,0
21,6	116,0
21,7	106,0
21,8	112,0
21,9	102,0
