Ángulo del crista	Tasa con 35kV
theta/°	R(35kV)/Imp/s

17,0	0,0
17,1	175,0
17,2	159,0
17,3	168,0
17,4	173,0
17,5	172,0
17,6	184,0
17,7	197,0
17,8	210,0
17,9	336,0
18,0	743,0
18,1	909,0
18,2	337,0
18,3	209,0
18,4	195,0
18,5	192,0
18,6	171,0
18,7	187,0
18,8	190,0
18,9	200,0
19,0	179,0
19,1	176,0
19,2	180,0
19,3	180,0
19,4	183,0
19,5	194,0
19,6	219,0
19,7	209,0
19,8	200,0
19,9	235,0
20,0	275,0
20,1	455,0
20,2	1724,0
20,3	3241,0
20,4	2945,0
20,5	632,0
20,6	278,0
20,7	226,0
20,8	207,0
20,9	186,0
21,0	172,0
21,1	173,0
21,2	177,0
21,3	170,0
21,4	168,0
21,5	172,0
21,6	178,0
21,7	152,0
21,8	164,0
21,9	154,0
22,0	144,0
22,1	161,0
22,2	156,0
22,3	158,0
22,4	144,0
22,5	151,0
22,6	145,0
22,7	137,0
22,8	133,0
22,9	157,0
23,0	122,0
23,1	151,0
23,2	144,0
23,3	141,0
23,4	140,0
23,5	129,0
