Ang	11kV	13kV	15kV	17kV	19kV	21kV	23kV	25kV	27kV	29kV	31kV	33kV	35kV			
17.0	7.0	21.0	29.0	38.0	50.0	61.0	70.0	81.0	86.0	112.0	159.0	278.0	384.0			
17.1	12.0	21.0	30.0	37.0	50.0	59.0	71.0	75.0	87.0	112.0	159.0	270.0	314.0			
17.2	4.0	17.0	28.0	37.0	45.0	59.0	65.0	78.0	90.0	98.0	178.0	264.0	343.0			
17.3	8.0	18.0	30.0	40.0	48.0	57.0	70.0	80.0	92.0	97.0	163.0	280.0	323.0			
17.4	5.0	21.0	29.0	42.0	51.0	61.0	67.0	75.0	87.0	101.0	175.0	297.0	391.0			
17.5	8.0	21.0	32.0	40.0	51.0	62.0	71.0	76.0	86.0	99.0	203.0	310.0	352.0			
17.6	7.0	17.0	32.0	37.0	47.0	58.0	72.0	79.0	90.0	109.0	160.0	309.0	373.0			
17.7	6.0	17.0	31.0	38.0	46.0	57.0	65.0	78.0	86.0	103.0	164.0	260.0	391.0			
17.8	8.0	17.8	33.0	61.0	94.0	131.0	176.0	210.0	236.0	284.0	311.0	374.0	304.0			
17.9	9.0	17.9	39.0	80.0	126.0	215.0	269.0	336.0	373.0	412.0	470.0	859.0	312.0			
18.0	16.0	55.0	83.0	167.0	265.0	516.0	661.0	743.0	854.0	925.0	1040.0	1427.0	397.0			
18.1	32.0	87.0	151.0	315.0	503.0	624.0	783.0	909.0	1091.0	1172.0	1309.0	1257.0	1398.0			
18.2	11.0	44.0	62.0	157.0	217.0	205.0	252.0	337.0	385.0	414.0	518.0	428.0	371.0			
18.3	8.0	26.0	35.0	68.0	111.0	148.0	175.0	209.0	263.0	303.0	342.0	352.0	314.0			
18.4	6.0	33.0	31.0	59.0	0.0	138.0	165.0	195.0	223.0	260.0	296.0	328.0	309.0			
18.5	6.0	21.0	34.0	71.0	92.0	135.0	172.0	192.0	212.0	255.0	300.0	304.0	312.0			
18.6	12.0	18.0	31.0	59.0	88.0	127.0	155.0	171.0	219.0	227.0	283.0	300.0	302.0			
18.7	5.0	15.0	28.0	53.0	103.0	126.0	154.0	187.0	194.0	261.0	283.0	324.0	370.0			
18.8	7.0	13.0	25.0	57.0	98.0	131.0	152.0	190.0	231.0	247.0	253.0	307.0	308.0			
18.9	12.0	12.0	27.0	27.0	45.0	55.0	65.0	76.0	92.0	112.0	177.0	275.0	344.0			
19.0	6.0	18.0	29.0	29.0	47.0	61.0	71.0	75.0	90.0	101.0	159.0	308.0	312.0			
19.1	10.0	20.0	27.0	32.0	46.0	56.0	70.0	80.0	91.0	105.0	202.0	311.0	331.0			
19.2	8.0	18.0	27.0	29.0	48.0	56.0	67.0	78.0	85.0	111.0	187.0	296.0	310.0			
19.3	12.0	20.0	31.0	32.0	48.0	56.0	68.0	78.0	91.0	111.0	210.0	303.0	372.0			
19.4	8.0	21.0	32.0	29.0	50.0	55.0	66.0	75.0	90.0	103.0	206.0	288.0	386.0			
19.5	6.0	20.0	30.0	29.0	47.0	56.0	68.0	75.0	87.0	112.0	162.0	277.0	316.0			
19.6	7.0	17.0	27.0	28.0	45.0	55.0	69.0	81.0	87.0	97.0	199.0	282.0	378.0			
19.7	11.0	19.0	29.0	30.0	49.0	57.0	68.0	78.0	92.0	106.0	199.0	268.0	347.0			
19.8	14.0	17.0	28.0	27.0	50.0	55.0	72.0	79.0	89.0	98.0	198.0	301.0	374.0			
19.9	10.0	22.0	30.0	28.0	49.0	57.0	69.0	78.0	90.0	106.0	186.0	288.0	311.0			
20.0	12.0	40.0	90.0	127.0	196.0	233.0	275.0	337.0	336.0	403.0	498.0	275.0	317.0			
20.1	15.0	60.0	117.0	180.0	316.0	382.0	455.0	505.0	588.0	639.0	873.0	264.0	333.0			
20.2	27.0	199.0	437.0	624.0	1296.0	1555.0	1724.0	1958.0	2233.0	2376.0	3764.0	266.0	374.0			
20.3	75.0	499.0	995.0	1523.0	2383.0	2807.0	3241.0	3638.0	4032.0	4381.0	5765.0	371.0	382.0			
20.4	124.0	661.0	1352.0	1856.0	1936.0	2473.0	2945.0	3358.0	3831.0	4319.0	3204.0	4568.0	5120.0			
20.5	36.0	172.0	339.0	538.0	381.0	489.0	632.0	714.0	819.0	962.0	670.0	337.0	397.0			
20.6	12.0	48.0	93.0	139.0	180.0	207.0	278.0	317.0	335.0	405.0	406.0	289.0	388.0			
20.7	9.0	32.0	61.0	113.0	153.0	184.0	226.0	257.0	272.0	321.0	373.0	270.0	367.0			
20.8	5.0	32.0	60.0	106.0	129.0	173.0	207.0	219.0	270.0	324.0	323.0	264.0	373.0			
20.9	7.0	21.0	60.0	91.0	125.0	140.0	186.0	213.0	259.0	270.0	296.0	266.0	312.0			
21.0	7.0	25.0	51.0	75.0	116.0	140.0	172.0	194.0	230.0	274.0	308.0	296.0	326.0			
21.1	10.0	17.0	32.0	42.0	51.0	55.0	71.0	79.0	91.0	104.0	165.0	309.0	319.0			
21.2	8.0	22.0	32.0	40.0	51.0	57.0	66.0	81.0	89.0	97.0	206.0	261.0	339.0			
21.3	9.0	21.0	32.0	39.0	47.0	62.0	71.0	80.0	85.0	99.0	197.0	294.0	351.0			
21.4	8.0	19.0	30.0	38.0	51.0	62.0	72.0	80.0	92.0	99.0	198.0	309.0	312.0			
21.5	10.0	20.0	31.0	39.0	51.0	61.0	68.0	76.0	91.0	106.0	179.0	293.0	382.0			
