Ángulo del crista	Tasa con 35kV
theta/°	R(35kV)/Imp/s

17,0	200,0
17,1	205,0
17,2	201,0
17,3	215,0
17,4	209,0
17,5	226,0
17,6	218,0
17,7	238,0
17,8	236,0
17,9	373,0
18,0	854,0
18,1	1091,0
18,2	385,0
18,3	263,0
18,4	223,0
18,5	212,0
18,6	219,0
18,7	194,0
18,8	231,0
18,9	203,0
19,0	206,0
19,1	222,0
19,2	221,0
19,3	211,0
19,4	217,0
19,5	213,0
19,6	234,0
19,7	246,0
19,8	245,0
19,9	262,0
20,0	337,0
20,1	505,0
20,2	1958,0
20,3	3638,0
20,4	3358,0
20,5	714,0
20,6	317,0
20,7	257,0
20,8	219,0
20,9	213,0
21,0	194,0
21,1	196,0
21,2	205,0
21,3	180,0
21,4	184,0
21,5	194,0
21,6	188,0
21,7	194,0
21,8	185,0
21,9	183,0
22,0	169,0
22,1	172,0
22,2	156,0
22,3	174,0
22,4	163,0
22,5	191,0
22,6	179,0
22,7	176,0
22,8	179,0
22,9	175,0
23,0	172,0
