Ang	13kV	15kV	17kV	19kV	21kV	23kV	25kV	27kV	29kV	31kV	33kV	35kV
18.0	9.0	15.0	25.0	30.0	54.0	62.0	71.0	91.0	89.0	114.0	140.0	146.0
18.1	6.0	18.0	24.0	29.0	38.0	57.0	64.0	77.0	84.0	118.0	130.0	142.0
18.2	3.0	8.0	13.0	10.0	20.0	24.0	36.0	38.0	36.0	49.0	62.0	64.0
18.3	2.0	7.0	6.0	14.0	20.0	20.0	29.0	34.0	51.0	49.0	67.0	0.0
18.4	5.0	6.0	7.0	12.0	21.0	21.0	30.0	34.0	39.0	52.0	66.0	0.0
18.5	4.0	5.0	11.0	17.0	17.0	23.0	29.0	31.0	39.0	50.0	58.0	0.0
18.6	2.0	4.0	6.0	16.0	13.0	27.0	33.0	37.0	40.0	50.0	58.0	0.0
18.7	5.0	2.0	7.0	9.0	21.0	23.0	28.0	27.0	42.0	39.0	52.0	0.0
18.8	2.0	4.0	11.0	11.0	16.0	25.0	25.0	26.0	35.0	48.0	57.0	0.0
18.9	2.0	2.0	9.0	11.0	21.0	26.0	21.0	35.0	36.0	51.0	47.0	0.0
19.0	4.0	5.0	6.0	11.0	14.0	22.0	23.0	37.0	40.0	48.0	57.0	0.0
19.1	4.0	6.0	6.0	8.0	20.0	27.0	21.0	35.0	40.0	42.0	53.0	0.0
19.2	2.0	7.0	12.0	11.0	16.0	20.0	26.0	33.0	31.0	45.0	53.0	0.0
19.3	7.0	5.0	4.0	12.0	12.0	18.0	21.0	36.0	35.0	44.0	48.0	0.0
19.4	5.0	3.0	6.0	14.0	14.0	22.0	27.0	29.0	33.0	40.0	41.0	0.0
19.5	3.0	6.0	7.0	10.0	13.0	24.0	29.0	35.0	39.0	47.0	58.0	0.0
19.6	2.0	4.0	7.0	10.0	17.0	20.0	28.0	36.0	27.0	43.0	58.0	0.0
19.7	3.0	7.0	5.0	16.0	18.0	26.0	22.0	30.0	46.0	45.0	65.0	0.0
19.8	1.0	7.0	7.0	10.0	22.0	26.0	28.0	26.0	48.0	47.0	59.0	0.0
19.9	3.0	10.0	8.0	14.0	24.0	21.0	26.0	35.0	46.0	56.0	68.0	0.0
20.0	2.0	6.0	9.0	13.0	17.0	30.0	46.0	51.0	59.0	61.0	78.0	0.0
20.1	5.0	9.0	16.0	25.0	31.0	42.0	46.0	57.0	67.0	72.0	96.0	0.0
20.2	20.0	37.0	69.0	79.0	116.0	145.0	195.0	204.0	246.0	263.0	304.0	0.0
20.3	30.0	59.0	106.0	160.0	211.0	259.0	317.0	356.0	428.0	490.0	492.0	0.0
20.4	14.0	28.0	54.0	75.0	105.0	134.0	180.0	188.0	220.0	265.0	281.0	0.0
20.5	2.0	3.0	11.0	17.0	18.0	23.0	31.0	48.0	50.0	58.0	68.0	0.0
20.6	4.0	4.0	9.0	15.0	20.0	24.0	26.0	40.0	38.0	54.0	55.0	0.0
20.7	2.0	6.0	11.0	9.0	13.0	19.0	26.0	30.0	38.0	47.0	52.0	0.0
20.8	3.0	5.0	10.0	16.0	15.0	20.0	31.0	33.0	38.0	48.0	48.0	0.0
20.9	3.0	7.0	5.0	16.0	16.0	19.0	25.0	26.0	36.0	57.0	48.0	0.0
21.0	3.0	6.0	8.0	12.0	14.0	18.0	30.0	29.0	43.0	43.0	56.0	0.0
21.1	3.0	3.0	5.0	11.0	14.0	21.0	27.0	29.0	41.0	45.0	57.0	0.0
21.2	3.0	7.0	6.0	17.0	12.0	20.0	24.0	34.0	35.0	45.0	53.0	0.0
21.3	2.0	2.0	13.0	9.0	16.0	24.0	29.0	38.0	48.0	51.0	58.0	0.0
21.4	3.0	8.0	5.0	17.0	17.0	23.0	29.0	34.0	34.0	51.0	53.0	0.0
21.5	2.0	5.0	7.0	13.0	0.0	23.0	28.0	28.0	39.0	50.0	53.0	0.0
21.6	3.0	3.0	5.0	13.0	13.0	21.0	27.0	40.0	42.0	43.0	54.0	0.0
21.7	2.0	5.0	10.0	13.0	14.0	20.0	24.0	33.0	41.0	45.0	58.0	0.0
21.8	2.0	2.0	9.0	14.0	15.0	27.0	25.0	33.0	44.0	42.0	48.0	0.0
21.9	1.0	4.0	6.0	13.0	17.0	23.0	26.0	26.0	37.0	42.0	49.0	0.0
22.0	5.0	4.0	9.0	15.0	19.0	21.0	27.0	31.0	37.0	43.0	49.0	0.0
22.1	3.0	5.0	7.0	10.0	17.0	19.0	25.0	30.0	38.0	47.0	56.0	0.0
22.2	2.0	6.0	9.0	8.0	20.0	17.0	17.0	33.0	40.0	44.0	49.0	0.0
22.3	4.0	5.0	10.0	6.0	15.0	17.0	25.0	33.0	36.0	51.0	40.0	0.0
22.4	3.0	5.0	6.0	15.0	13.0	24.0	25.0	32.0	35.0	43.0	53.0	0.0
22.5	6.0	4.0	9.0	15.0	12.0	19.0	29.0	23.0	29.0	39.0	45.0	0.0
22.6	3.0	6.0	7.0	10.0	14.0	20.0	27.0	32.0	38.0	43.0	53.0	0.0
22.7	4.0	9.0	5.0	9.0	12.0	21.0	21.0	29.0	40.0	41.0	47.0	0.0
22.8	1.0	7.0	7.0	12.0	18.0	17.0	26.0	36.0	36.0	40.0	58.0	0.0
22.9	5.0	9.0	11.0	12.0	12.0	18.0	27.0	26.0	28.0	48.0	45.0	0.0
23.0	3.0	0.0	10.0	9.0	9.0	21.0	28.0	32.0	32.0	36.0	56.0	0.0
23.1	2.0	4.0	9.0	13.0	17.0	15.0	24.0	32.0	35.0	46.0	49.0	0.0
23.2	3.0	5.0	9.0	8.0	17.0	23.0	19.0	28.0	36.0	37.0	46.0	0.0
23.3	2.0	5.0	11.0	14.0	15.0	14.0	25.0	24.0	31.0	41.0	50.0	0.0
23.4	3.0	6.0	11.0	9.0	10.0	16.0	18.0	36.0	32.0	42.0	43.0	0.0
23.5	5.0	6.0	5.0	13.0	17.0	15.0	20.0	38.0	34.0	38.0	53.0	0.0
23.6	2.0	5.0	9.0	12.0	13.0	21.0	28.0	30.0	37.0	40.0	49.0	0.0
23.7	2.0	7.0	7.0	9.0	16.0	15.0	18.0	30.0	30.0	40.0	53.0	0.0
23.8	2.0	8.0	5.0	10.0	16.0	19.0	22.0	26.0	28.0	33.0	45.0	0.0
23.9	4.0	6.0	10.0	7.0	15.0	14.0	28.0	20.0	26.0	40.0	49.0	0.0
24.0	1.0	5.0	8.0	13.0	14.0	18.0	24.0	27.0	35.0	35.0	38.0	0.0
24.1	1.0	4.0	9.0	9.0	16.0	18.0	23.0	27.0	37.0	36.0	42.0	0.0
24.2	4.0	3.0	10.0	8.0	16.0	22.0	20.0	27.0	44.0	47.0	46.0	0.0
24.3	3.0	6.0	9.0	11.0	15.0	17.0	30.0	25.0	25.0	40.0	48.0	0.0
24.4	2.0	5.0	8.0	11.0	16.0	15.0	25.0	27.0	34.0	39.0	51.0	0.0
24.5	2.0	3.0	5.0	14.0	17.0	19.0	21.0	21.0	34.0	38.0	52.0	0.0
24.6	4.0	4.0	8.0	9.0	16.0	19.0	27.0	26.0	38.0	37.0	46.0	0.0
24.7	3.0	7.0	10.0	10.0	15.0	19.0	18.0	28.0	31.0	36.0	53.0	0.0
24.8	2.0	6.0	9.0	8.0	15.0	19.0	21.0	34.0	30.0	30.0	39.0	0.0
24.9	2.0	3.0	6.0	13.0	13.0	19.0	21.0	30.0	42.0	39.0	43.0	0.0
25.0	3.0	3.0	7.0	10.0	15.0	14.0	22.0	23.0	36.0	46.0	46.0	0.0
25.1	3.0	5.0	9.0	9.0	14.0	17.0	22.0	28.0	30.0	37.0	47.0	0.0
25.2	2.0	6.0	6.0	8.0	16.0	17.0	20.0	28.0	29.0	43.0	44.0	0.0
25.3	2.0	6.0	9.0	13.0	18.0	17.0	21.0	25.0	32.0	42.0	52.0	0.0
25.4	3.0	3.0	4.0	8.0	17.0	23.0	23.0	28.0	29.0	34.0	48.0	0.0
25.5	2.0	3.0	6.0	9.0	12.0	17.0	19.0	28.0	32.0	34.0	44.0	0.0
25.6	5.0	9.0	5.0	8.0	14.0	17.0	21.0	28.0	35.0	45.0	43.0	0.0
25.7	3.0	5.0	5.0	8.0	10.0	14.0	19.0	30.0	39.0	30.0	49.0	0.0
25.8	1.0	4.0	5.0	12.0	12.0	20.0	20.0	28.0	32.0	38.0	42.0	0.0
25.9	2.0	7.0	10.0	13.0	16.0	18.0	14.0	24.0	38.0	34.0	46.0	0.0
26.0	1.0	4.0	4.0	8.0	13.0	14.0	15.0	23.0	27.0	38.0	49.0	0.0
