Ángulo del crista	Tasa con 35kV
theta/°	R(35kV)/Imp/s

17,0	255,0
17,1	249,0
17,2	258,0
17,3	244,0
17,4	263,0
17,5	255,0
17,6	276,0
17,7	278,0
17,8	311,0
17,9	470,0
18,0	1040,0
18,1	1309,0
18,2	518,0
18,3	342,0
18,4	296,0
18,5	300,0
18,6	283,0
18,7	283,0
18,8	253,0
18,9	291,0
19,0	253,0
19,1	272,0
19,2	271,0
19,3	262,0
19,4	292,0
19,5	295,0
19,6	301,0
19,7	310,0
19,8	329,0
19,9	366,0
20,0	403,0
20,1	639,0
20,2	2376,0
20,3	4381,0
20,4	4319,0
20,5	962,0
20,6	405,0
20,7	321,0
20,8	324,0
20,9	270,0
21,0	274,0
21,1	251,0
21,2	233,0
21,3	243,0
21,4	253,0
21,5	250,0
21,6	249,0
21,7	245,0
21,8	247,0
21,9	231,0
22,0	235,0
22,1	251,0
22,2	228,0
