Ángulo del crista	Tasa con 35kV
theta/°	R(35kV)/Imp/s

17,0	221,0
17,1	225,0
17,2	238,0
17,3	226,0
17,4	242,0
17,5	242,0
17,6	240,0
17,7	269,0
17,8	284,0
17,9	412,0
18,0	925,0
18,1	1172,0
18,2	414,0
18,3	303,0
18,4	260,0
18,5	255,0
18,6	227,0
18,7	261,0
18,8	247,0
18,9	242,0
19,0	232,0
19,1	250,0
19,2	243,0
19,3	254,0
19,4	255,0
19,5	258,0
19,6	272,0
19,7	262,0
19,8	301,0
19,9	315,0
20,0	336,0
20,1	588,0
20,2	2233,0
20,3	4032,0
20,4	3831,0
20,5	819,0
20,6	335,0
20,7	272,0
20,8	270,0
20,9	259,0
21,0	230,0
21,1	215,0
21,2	223,0
21,3	221,0
21,4	218,0
21,5	229,0
21,6	198,0
21,7	227,0
21,8	202,0
21,9	217,0
22,0	208,0
22,1	198,0
22,2	196,0
22,3	202,0
22,4	200,0
22,5	196,0
22,6	192,0
22,7	187,0
22,8	202,0
22,9	188,0
23,0	182,0
23,1	186,0
23,2	178,0
23,3	183,0
23,4	174,0
23,5	176,0
23,6	193,0
23,7	174,0
23,8	184,0
23,9	196,0
24,0	188,0
24,1	188,0
24,2	165,0
24,3	192,0
24,4	162,0
24,5	179,0
24,6	193,0
24,7	180,0
24,8	168,0
24,9	187,0
25,0	169,0
25,1	188,0
25,2	175,0
25,3	180,0
25,4	172,0
25,5	198,0
25,6	176,0
25,7	164,0
25,8	170,0
25,9	170,0
