Ángulo del crista	Tasa con 35kV
theta/°	R(35kV)/Imp/s

17,0	50,0
17,1	57,0
17,2	61,0
17,3	47,0
17,4	51,0
17,5	55,0
17,6	52,0
17,7	50,0
17,8	61,0
17,9	80,0
18,0	167,0
18,1	315,0
18,2	157,0
18,3	68,0
18,4	59,0
18,5	71,0
18,6	59,0
18,7	53,0
18,8	57,0
18,9	58,0
19,0	60,0
19,1	55,0
19,2	58,0
19,3	60,0
19,4	51,0
19,5	63,0
19,6	73,0
19,7	64,0
19,8	62,0
19,9	75,0
20,0	90,0
20,1	117,0
20,2	437,0
20,3	995,0
20,4	1352,0
20,5	339,0
20,6	93,0
20,7	61,0
20,8	60,0
20,9	60,0
21,0	51,0
21,1	48,0
21,2	48,0
21,3	53,0
21,4	53,0
21,5	53,0
21,6	55,0
21,7	43,0
21,8	46,0
21,9	51,0
22,0	54,0
22,1	40,0
22,2	56,0
22,3	40,0
22,4	40,0
22,5	46,0
