Ángulo del crista	Tasa con 35kV
theta/°	R(35kV)/Imp/s

17,0	136,0
17,1	140,0
17,2	146,0
17,3	124,0
17,4	144,0
17,5	148,0
17,6	151,0
17,7	166,0
17,8	176,0
17,9	269,0
18,0	661,0
18,1	783,0
18,2	252,0
18,3	175,0
18,4	165,0
18,5	172,0
18,6	155,0
18,7	154,0
18,8	152,0
18,9	156,0
19,0	138,0
19,1	153,0
19,2	155,0
19,3	163,0
19,4	157,0
19,5	163,0
19,6	160,0
19,7	174,0
19,8	178,0
19,9	198,0
20,0	233,0
20,1	382,0
20,2	1555,0
20,3	2807,0
20,4	2473,0
20,5	489,0
20,6	207,0
20,7	184,0
20,8	173,0
20,9	140,0
21,0	140,0
21,1	153,0
21,2	135,0
21,3	152,0
21,4	146,0
21,5	128,0
21,6	130,0
21,7	126,0
21,8	147,0
21,9	132,0
22,0	123,0
22,1	133,0
22,2	116,0
22,3	127,0
22,4	112,0
22,5	130,0
