U1	IA
0.02	0.49
0.04	0.52
0.07	0.51
0.09	0.51
0.12	0.5
0.14	0.51
0.17	0.52
0.19	0.52
0.21	0.49
0.24	0.5
0.26	0.48
0.29	0.48
0.31	0.47
0.34	0.48
0.36	0.47
0.39	0.47
0.41	0.46
0.43	0.49
0.46	0.48
0.48	0.48
0.51	0.49
0.53	0.51
0.56	0.5
0.58	0.51
0.61	0.49
0.63	0.51
0.65	0.5
0.68	0.5
0.7	0.49
0.73	0.49
0.75	0.48
0.78	0.52
0.8	0.51
0.83	0.52
0.85	0.51
0.87	0.5
0.9	0.52
0.92	0.52
0.95	0.49
0.97	0.5
1	0.48
1.02	0.48
1.05	0.49
1.07	0.48
1.09	0.48
1.12	0.48
1.14	0.47
1.17	0.48
1.19	0.49
1.22	0.49
1.24	0.51
1.26	0.51
1.29	0.52
1.31	0.53
1.34	0.53
1.36	0.52
1.39	0.54
1.41	0.51
1.44	0.52
1.46	0.5
1.48	0.5
1.51	0.52
1.53	0.52
1.56	0.52
1.58	0.53
1.61	0.51
1.63	0.55
1.66	0.54
1.68	0.52
1.7	0.53
1.73	0.51
1.75	0.5
1.78	0.51
1.8	0.49
1.83	0.51
1.85	0.49
1.88	0.49
1.9	0.5
1.92	0.5
1.95	0.49
1.97	0.52
2	0.5
2.02	0.52
2.05	0.51
2.07	0.51
2.1	0.5
2.12	0.51
2.14	0.47
2.17	0.49
2.19	0.48
2.22	0.49
2.24	0.5
2.27	0.5
2.29	0.49
2.31	0.51
2.34	0.49
2.36	0.52
2.39	0.52
2.41	0.51
2.44	0.5
2.46	0.48
2.49	0.48
2.51	0.49
2.53	0.46
2.56	0.46
2.58	0.44
2.61	0.44
2.63	0.46
2.66	0.47
2.68	0.47
2.71	0.49
2.73	0.49
2.75	0.5
2.78	0.52
2.8	0.51
2.83	0.51
2.85	0.49
2.88	0.48
2.9	0.47
2.93	0.47
2.95	0.46
2.97	0.49
3	0.49
3.02	0.5
3.05	0.5
3.07	0.5
3.1	0.53
3.12	0.54
3.15	0.51
3.17	0.52
3.19	0.49
3.22	0.5
3.24	0.5
3.27	0.49
3.29	0.47
3.32	0.48
3.34	0.47
3.36	0.49
3.39	0.48
3.41	0.48
3.44	0.5
3.46	0.51
3.49	0.5
3.51	0.51
3.54	0.51
3.56	0.53
3.58	0.52
3.61	0.5
3.63	0.49
3.66	0.49
3.68	0.48
3.71	0.49
3.73	0.48
3.76	0.49
3.78	0.48
3.8	0.5
3.83	0.52
3.85	0.53
3.88	0.51
3.9	0.52
3.93	0.49
3.95	0.5
3.98	0.49
4	0.48
4.02	0.46
4.05	0.47
4.07	0.46
4.1	0.48
4.12	0.48
4.15	0.5
4.17	0.52
4.2	0.54
4.22	0.55
4.24	0.56
4.27	0.55
4.29	0.56
4.32	0.54
4.34	0.52
4.37	0.52
4.39	0.5
4.42	0.49
4.44	0.5
4.46	0.49
4.49	0.5
4.51	0.51
4.54	0.49
4.56	0.52
4.59	0.51
4.61	0.52
4.63	0.52
4.66	0.49
4.68	0.48
4.71	0.49
4.73	0.46
4.76	0.48
4.78	0.46
4.81	0.47
4.83	0.49
4.85	0.5
4.88	0.5
4.9	0.53
4.93	0.52
4.95	0.53
4.98	0.51
5	0.52
5.03	0.5
5.05	0.51
5.07	0.48
5.1	0.5
5.12	0.48
5.15	0.5
5.17	0.5
5.2	0.51
5.22	0.49
5.25	0.51
5.27	0.48
5.29	0.53
5.32	0.51
5.34	0.52
5.37	0.51
5.39	0.51
5.42	0.49
5.44	0.51
5.47	0.48
5.49	0.49
5.51	0.47
5.54	0.48
5.56	0.49
5.59	0.5
5.61	0.49
5.64	0.51
5.66	0.51
5.68	0.52
5.71	0.51
5.73	0.52
5.76	0.51
5.78	0.51
5.81	0.49
5.83	0.5
5.86	0.48
5.88	0.48
5.9	0.47
5.93	0.47
5.95	0.48
5.98	0.49
6	0.48
6.03	0.52
6.05	0.52
6.08	0.51
6.1	0.53
6.12	0.49
6.15	0.49
6.17	0.5
6.2	0.48
6.22	0.47
6.25	0.47
6.27	0.46
6.3	0.51
6.32	0.5
6.34	0.5
6.37	0.51
6.39	0.51
6.42	0.52
6.44	0.52
6.47	0.51
6.49	0.52
6.52	0.51
6.54	0.51
6.56	0.52
6.59	0.51
6.61	0.5
6.64	0.51
6.66	0.5
6.69	0.52
6.71	0.52
6.73	0.52
6.76	0.56
6.78	0.56
6.81	0.55
6.83	0.56
6.86	0.53
6.88	0.54
6.91	0.52
6.93	0.51
6.95	0.49
6.98	0.49
7	0.47
7.03	0.5
7.05	0.49
7.08	0.5
7.1	0.5
7.13	0.52
7.15	0.52
7.17	0.54
7.2	0.53
7.22	0.55
7.25	0.54
7.27	0.54
7.3	0.54
7.32	0.52
7.35	0.51
7.37	0.51
7.39	0.49
7.42	0.51
7.44	0.51
7.47	0.51
7.49	0.55
7.52	0.55
7.54	0.55
7.57	0.56
7.59	0.55
7.61	0.56
7.64	0.55
7.66	0.52
7.69	0.53
7.71	0.52
7.74	0.52
7.76	0.52
7.78	0.52
7.81	0.52
7.83	0.54
7.86	0.52
7.88	0.54
7.91	0.53
7.93	0.53
7.96	0.53
7.98	0.54
8	0.53
8.03	0.56
8.05	0.53
8.08	0.54
8.1	0.54
8.13	0.55
8.15	0.55
8.18	0.56
8.2	0.54
8.22	0.58
8.25	0.56
8.27	0.57
8.3	0.56
8.32	0.56
8.35	0.55
8.37	0.57
8.4	0.55
8.42	0.57
8.44	0.54
8.47	0.56
8.49	0.56
8.52	0.57
8.54	0.56
8.57	0.57
8.59	0.57
8.62	0.6
8.64	0.59
8.66	0.59
8.69	0.58
8.71	0.6
8.74	0.59
8.76	0.61
8.79	0.58
8.81	0.58
8.84	0.58
8.86	0.58
8.88	0.58
8.91	0.59
8.93	0.56
8.96	0.6
8.98	0.59
9.01	0.59
9.03	0.58
9.05	0.59
9.08	0.58
9.1	0.6
9.13	0.59
9.15	0.6
9.18	0.59
9.2	0.59
9.23	0.61
9.25	0.61
9.27	0.61
9.3	0.62
9.32	0.62
9.35	0.63
9.37	0.65
9.4	0.64
9.42	0.64
9.45	0.63
9.47	0.64
9.49	0.65
9.52	0.64
9.54	0.63
9.57	0.64
9.59	0.63
9.62	0.65
9.64	0.65
9.67	0.65
9.69	0.66
9.71	0.67
9.74	0.66
9.76	0.68
9.79	0.66
9.81	0.67
9.84	0.66
9.86	0.67
9.89	0.67
9.91	0.66
9.93	0.65
9.96	0.67
9.98	0.66
10.01	0.67
10.03	0.67
10.06	0.68
10.08	0.69
10.1	0.69
10.13	0.68
10.15	0.7
10.18	0.7
10.2	0.71
10.23	0.71
10.25	0.73
10.28	0.72
10.3	0.73
10.32	0.72
10.35	0.73
10.37	0.72
10.4	0.72
10.42	0.71
10.45	0.73
10.47	0.71
10.5	0.72
10.52	0.71
10.54	0.72
10.57	0.71
10.59	0.71
10.62	0.71
10.64	0.7
10.67	0.7
10.69	0.72
10.72	0.72
10.74	0.73
10.76	0.73
10.79	0.73
10.81	0.76
10.84	0.76
10.86	0.74
10.89	0.75
10.91	0.75
10.94	0.75
10.96	0.77
10.98	0.76
11.01	0.76
11.03	0.77
11.06	0.77
11.08	0.79
11.11	0.8
11.13	0.77
11.15	0.79
11.18	0.77
11.2	0.78
11.23	0.77
11.25	0.77
11.28	0.76
11.3	0.77
11.33	0.77
11.35	0.79
11.37	0.77
11.4	0.78
11.42	0.79
11.45	0.8
11.47	0.8
11.5	0.81
11.52	0.8
11.55	0.82
11.57	0.81
11.59	0.81
11.62	0.81
11.64	0.82
11.67	0.82
11.69	0.86
11.72	0.86
11.74	0.88
11.77	0.87
11.79	0.88
11.81	0.89
11.84	0.9
11.86	0.86
11.89	0.88
11.91	0.86
11.94	0.86
11.96	0.86
11.99	0.86
12.01	0.85
12.03	0.86
12.06	0.84
12.08	0.86
12.11	0.85
12.13	0.86
12.16	0.87
12.18	0.88
12.21	0.88
12.23	0.9
12.25	0.89
12.28	0.91
12.3	0.91
12.33	0.91
12.35	0.92
12.38	0.91
12.4	0.91
12.42	0.94
12.45	0.94
12.47	0.95
12.5	0.95
12.52	0.95
12.55	0.97
12.57	0.97
12.6	0.96
12.62	0.98
12.64	0.97
12.67	0.96
12.69	0.96
12.72	0.95
12.74	0.96
12.77	0.96
12.79	0.96
12.82	0.97
12.84	0.98
12.86	0.98
12.89	1.01
12.91	1.01
12.94	1.02
12.96	1.02
12.99	1.03
13.01	1.03
13.04	1.04
13.06	1.01
13.08	1.03
13.11	1.03
13.13	1.04
13.16	1.05
13.18	1.06
13.21	1.05
13.23	1.07
13.26	1.06
13.28	1.09
13.3	1.08
13.33	1.06
13.35	1.07
13.38	1.08
13.4	1.06
13.43	1.08
13.45	1.06
13.47	1.08
13.5	1.09
13.52	1.09
13.55	1.09
13.57	1.1
13.6	1.09
13.62	1.11
13.65	1.09
13.67	1.11
13.69	1.11
13.72	1.12
13.74	1.12
13.77	1.13
13.79	1.11
13.82	1.13
13.84	1.12
13.87	1.13
13.89	1.15
13.91	1.15
13.94	1.15
13.96	1.16
13.99	1.15
14.01	1.19
14.04	1.18
14.06	1.16
14.09	1.16
14.11	1.15
14.13	1.15
14.16	1.16
14.18	1.14
14.21	1.14
14.23	1.14
14.26	1.13
14.28	1.16
14.31	1.16
14.33	1.16
14.35	1.18
14.38	1.18
14.4	1.18
14.43	1.2
14.45	1.21
14.48	1.21
14.5	1.21
14.52	1.19
14.55	1.2
14.57	1.2
14.6	1.2
14.62	1.22
14.65	1.22
14.67	1.23
14.7	1.23
14.72	1.25
14.74	1.25
14.77	1.25
14.79	1.22
14.82	1.23
14.84	1.21
14.87	1.22
14.89	1.21
14.92	1.22
14.94	1.21
14.96	1.21
14.99	1.2
15.01	1.23
15.04	1.22
15.06	1.23
15.09	1.24
15.11	1.25
15.14	1.25
15.16	1.26
15.18	1.25
15.21	1.26
15.23	1.25
15.26	1.24
15.28	1.24
15.31	1.24
15.33	1.24
15.36	1.27
15.38	1.26
15.4	1.27
15.43	1.26
15.45	1.27
15.48	1.29
15.5	1.3
15.53	1.28
15.55	1.29
15.57	1.27
15.6	1.28
15.62	1.28
15.65	1.27
15.67	1.26
15.7	1.26
15.72	1.25
15.75	1.28
15.77	1.28
15.79	1.28
15.82	1.31
15.84	1.32
15.87	1.33
15.89	1.34
15.92	1.33
15.94	1.34
15.97	1.35
15.99	1.33
16.01	1.34
16.04	1.32
16.06	1.31
16.09	1.33
16.11	1.34
16.14	1.35
16.16	1.35
16.19	1.34
16.21	1.38
16.23	1.39
16.26	1.38
16.28	1.38
16.31	1.37
16.33	1.37
16.36	1.38
16.38	1.36
16.41	1.37
16.43	1.36
16.45	1.36
16.48	1.37
16.5	1.39
16.53	1.39
16.55	1.43
16.58	1.42
16.6	1.44
16.63	1.44
16.65	1.46
16.67	1.45
16.7	1.45
16.72	1.43
16.75	1.46
16.77	1.45
16.8	1.46
16.82	1.46
16.84	1.47
16.87	1.48
16.89	1.5
16.92	1.48
16.94	1.53
16.97	1.52
16.99	1.54
17.02	1.54
17.04	1.53
17.06	1.53
17.09	1.55
17.11	1.52
17.14	1.54
17.16	1.53
17.19	1.53
17.21	1.56
17.24	1.57
17.26	1.56
17.28	1.6
17.31	1.6
17.33	1.63
17.36	1.64
17.38	1.65
17.41	1.66
17.43	1.68
17.46	1.65
17.48	1.67
17.5	1.67
17.53	1.67
17.55	1.68
17.58	1.69
17.6	1.69
17.63	1.71
17.65	1.71
17.68	1.75
17.7	1.74
17.72	1.73
17.75	1.74
17.77	1.72
17.8	1.73
17.82	1.74
17.85	1.73
17.87	1.75
17.89	1.76
17.92	1.77
17.94	1.81
17.97	1.82
17.99	1.83
18.02	1.85
18.04	1.86
18.07	1.87
18.09	1.89
18.11	1.88
18.14	1.9
18.16	1.9
18.19	1.89
18.21	1.9
18.24	1.89
18.26	1.88
18.29	1.91
18.31	1.9
18.33	1.91
18.36	1.91
18.38	1.91
18.41	1.94
18.43	1.95
18.46	1.94
18.48	1.95
18.51	1.93
18.53	1.94
18.55	1.94
18.58	1.92
18.6	1.93
18.63	1.93
18.65	1.92
18.68	1.95
18.7	1.95
18.73	1.96
18.75	1.95
18.77	1.96
18.8	1.97
18.82	1.98
18.85	1.97
18.87	1.99
18.9	1.99
18.92	2.01
18.94	2.01
18.97	1.99
18.99	1.98
19.02	2
19.04	1.99
19.07	2
19.09	2
19.12	1.99
19.14	2.03
19.16	2.02
19.19	2.03
19.21	2.03
19.24	2.01
19.26	1.98
19.29	1.99
19.31	1.96
19.34	1.98
19.36	1.96
19.38	1.96
19.41	1.98
19.43	2
19.46	1.99
19.48	2.01
19.51	1.98
19.53	2.01
19.56	2
19.58	2
19.6	1.99
19.63	2
19.65	1.97
19.68	2
19.7	1.97
19.73	1.98
19.75	1.96
19.78	1.97
19.8	1.96
19.82	1.97
19.85	1.95
19.87	2
19.9	1.97
19.92	1.97
19.95	1.97
19.97	1.96
19.99	1.97
20.02	1.97
20.04	1.94
20.07	1.96
20.09	1.94
20.12	1.94
20.14	1.97
20.17	1.96
20.19	1.95
20.21	1.96
20.24	1.96
20.26	1.98
20.29	1.98
20.31	1.98
20.34	1.98
20.36	1.98
20.39	1.98
20.41	1.99
20.43	1.96
20.46	1.98
20.48	1.98
20.51	1.98
20.53	1.99
20.56	1.99
20.58	1.98
20.61	2.03
20.63	2.03
20.65	2.02
20.68	2.03
20.7	2.02
20.73	2.03
20.75	2.04
20.78	2.03
20.8	2.03
20.83	2.03
20.85	2.02
20.87	2.06
20.9	2.05
20.92	2.07
20.95	2.05
20.97	2.07
21	2.09
21.02	2.12
21.05	2.09
21.07	2.11
21.09	2.09
21.12	2.12
21.14	2.13
21.17	2.14
21.19	2.13
21.22	2.17
21.24	2.16
21.26	2.2
21.29	2.2
21.31	2.21
21.34	2.22
21.36	2.23
21.39	2.23
21.41	2.26
21.44	2.26
21.46	2.28
21.48	2.29
21.51	2.31
21.53	2.33
21.56	2.34
21.58	2.34
21.61	2.36
21.63	2.37
21.66	2.39
21.68	2.4
21.7	2.42
21.73	2.44
21.75	2.46
21.78	2.47
21.8	2.49
21.83	2.51
21.85	2.53
21.88	2.56
21.9	2.57
21.92	2.58
21.95	2.6
21.97	2.61
22	2.64
22.02	2.65
22.05	2.65
22.07	2.67
22.1	2.68
22.12	2.69
22.14	2.72
22.17	2.72
22.19	2.74
22.22	2.75
22.24	2.78
22.27	2.8
22.29	2.81
22.31	2.83
22.34	2.85
22.36	2.86
22.39	2.85
22.41	2.88
22.44	2.89
22.46	2.93
22.49	2.92
22.51	2.93
22.53	2.94
22.56	2.99
22.58	2.98
22.61	3.03
22.63	2.99
22.66	3.03
22.68	3.03
22.71	3.06
22.73	3.04
22.75	3.07
22.78	3.03
22.8	3.08
22.83	3.06
22.85	3.08
22.88	3.06
22.9	3.09
22.93	3.07
22.95	3.12
22.97	3.11
23	3.14
23.02	3.1
23.05	3.12
23.07	3.13
23.1	3.15
23.12	3.13
23.15	3.14
23.17	3.13
23.19	3.17
23.22	3.18
23.24	3.17
23.27	3.16
23.29	3.16
23.32	3.15
23.34	3.18
23.36	3.16
23.39	3.17
23.41	3.16
23.44	3.15
23.46	3.16
23.49	3.17
23.51	3.15
23.54	3.16
23.56	3.15
23.58	3.14
23.61	3.14
23.63	3.13
23.66	3.12
23.68	3.12
23.71	3.11
23.73	3.1
23.76	3.08
23.78	3.07
23.8	3.08
23.83	3.08
23.85	3.07
23.88	3.06
23.9	3.06
23.93	3.05
23.95	3.06
23.98	3.03
24	3.05
24.02	3.02
24.05	3.01
24.07	3.01
24.1	3.03
24.12	3.02
24.15	3.05
24.17	3
24.2	3.02
24.22	3
24.24	3.02
24.27	2.99
24.29	2.99
24.32	2.93
24.34	2.96
24.37	2.92
24.39	2.96
24.42	2.9
24.44	2.9
24.46	2.88
24.49	2.89
24.51	2.87
24.54	2.92
24.56	2.87
24.59	2.9
24.61	2.88
24.63	2.9
24.66	2.89
24.68	2.89
24.71	2.84
24.73	2.87
24.76	2.86
24.78	2.88
24.81	2.88
24.83	2.89
24.85	2.88
24.88	2.9
24.9	2.89
24.93	2.9
24.95	2.89
24.98	2.87
25	2.86
25.03	2.86
25.05	2.86
25.07	2.87
25.1	2.85
25.12	2.86
25.15	2.86
25.17	2.86
25.2	2.88
25.22	2.86
25.25	2.86
25.27	2.87
25.29	2.87
25.32	2.88
25.34	2.89
25.37	2.9
25.39	2.93
25.42	2.94
25.44	2.94
25.47	2.94
25.49	2.95
25.51	2.96
25.54	2.98
25.56	2.98
25.59	3.01
25.61	3.01
25.64	3.03
25.66	3.06
25.68	3.09
25.71	3.06
25.73	3.09
25.76	3.07
25.78	3.1
25.81	3.12
25.83	3.14
25.86	3.12
25.88	3.17
25.9	3.16
25.93	3.23
25.95	3.23
25.98	3.27
26	3.29
26.03	3.34
26.05	3.34
26.08	3.4
26.1	3.38
26.12	3.42
26.15	3.42
26.17	3.45
26.2	3.45
26.22	3.5
26.25	3.49
26.27	3.57
26.3	3.58
26.32	3.63
26.34	3.65
26.37	3.69
26.39	3.71
26.42	3.77
26.44	3.77
26.47	3.81
26.49	3.8
26.52	3.82
26.54	3.85
26.56	3.87
26.59	3.89
26.61	3.92
26.64	3.94
26.66	4
26.69	4.03
26.71	4.07
26.73	4.12
26.76	4.15
26.78	4.18
26.81	4.22
26.83	4.24
26.86	4.27
26.88	4.3
26.91	4.31
26.93	4.34
26.95	4.36
26.98	4.38
27	4.43
27.03	4.46
27.05	4.5
27.08	4.54
27.1	4.55
27.13	4.6
27.15	4.63
27.17	4.64
27.2	4.66
27.22	4.67
27.25	4.67
27.27	4.7
27.3	4.69
27.32	4.72
27.35	4.74
27.37	4.78
27.39	4.79
27.42	4.82
27.44	4.82
27.47	4.9
27.49	4.9
27.52	4.94
27.54	4.91
27.57	4.94
27.59	4.93
27.61	4.97
27.64	4.93
27.66	4.96
27.69	4.91
27.71	4.96
27.74	4.97
27.76	5.01
27.78	4.98
27.81	5
27.83	4.98
27.86	5.03
27.88	5
27.91	5.01
27.93	4.98
27.96	5
27.98	4.98
28	5
28.03	4.96
28.05	4.96
28.08	4.93
28.1	4.93
28.13	4.93
28.15	4.92
28.18	4.89
28.2	4.9
28.22	4.88
28.25	4.88
28.27	4.87
28.3	4.85
28.32	4.83
28.35	4.83
28.37	4.78
28.4	4.77
28.42	4.74
28.44	4.72
28.47	4.71
28.49	4.7
28.52	4.67
28.54	4.66
28.57	4.63
28.59	4.65
28.62	4.62
28.64	4.59
28.66	4.57
28.69	4.54
28.71	4.52
28.74	4.51
28.76	4.47
28.79	4.44
28.81	4.42
28.84	4.4
28.86	4.4
28.88	4.37
28.91	4.36
28.93	4.37
28.96	4.36
28.98	4.33
29.01	4.33
29.03	4.3
29.05	4.31
29.08	4.27
29.1	4.24
29.13	4.21
29.15	4.21
29.18	4.18
29.2	4.2
29.23	4.14
29.25	4.16
29.27	4.13
29.3	4.16
29.32	4.15
29.35	4.15
29.37	4.09
29.4	4.13
29.42	4.08
29.45	4.1
29.47	4.05
29.49	4.05
29.52	4.02
29.54	4.04
29.57	4.01
29.59	4.05
29.62	4.01
29.64	4.03
29.67	4.04
29.69	4.06
29.71	4.05
29.74	4.06
29.76	4.04
29.79	4.06
29.81	4.06
29.84	4.05
29.86	4.06
29.89	4.06
29.91	4.06
29.93	4.09
29.96	4.1
29.98	4.12
30.01	4.12
30.03	4.13
30.06	4.16
30.08	4.19
30.1	4.19
30.13	4.21
30.15	4.2
30.18	4.22
30.2	4.24
30.23	4.23
30.25	4.25
30.28	4.27
30.3	4.28
30.32	4.32
30.35	4.34
30.37	4.36
30.4	4.42
30.42	4.43
30.45	4.46
30.47	4.49
30.5	4.52
30.52	4.55
30.54	4.58
30.57	4.59
30.59	4.64
30.62	4.64
30.64	4.68
30.67	4.7
30.69	4.74
30.72	4.77
30.74	4.82
30.76	4.82
30.79	4.9
30.81	4.91
30.84	4.99
30.86	5.01
30.89	5.06
30.91	5.07
30.94	5.15
30.96	5.15
30.98	5.21
31.01	5.21
31.03	5.26
31.06	5.29
31.08	5.37
31.11	5.39
31.13	5.49
31.15	5.52
31.18	5.6
31.2	5.63
31.23	5.7
31.25	5.72
31.28	5.79
31.3	5.8
31.33	5.89
31.35	5.92
31.37	5.99
31.4	6.03
31.42	6.08
31.45	6.12
31.47	6.17
31.5	6.2
31.52	6.31
31.55	6.35
31.57	6.4
31.59	6.46
31.62	6.49
31.64	6.55
31.67	6.61
31.69	6.62
31.72	6.66
31.74	6.69
31.77	6.72
31.79	6.79
31.81	6.82
31.84	6.85
31.86	6.9
31.89	6.95
31.91	7
31.94	7.06
31.96	7.09
31.99	7.13
32.01	7.15
32.03	7.17
32.06	7.2
32.08	7.22
32.11	7.24
32.13	7.27
32.16	7.28
32.18	7.31
32.2	7.32
32.23	7.35
32.25	7.4
32.28	7.43
32.3	7.43
32.33	7.45
32.35	7.43
32.38	7.45
32.4	7.46
32.42	7.46
32.45	7.43
32.47	7.44
32.5	7.43
32.52	7.48
32.55	7.45
32.57	7.46
32.6	7.43
32.62	7.44
32.64	7.42
32.67	7.43
32.69	7.39
32.72	7.39
32.74	7.36
32.77	7.37
32.79	7.35
32.82	7.35
32.84	7.3
32.86	7.3
32.89	7.26
32.91	7.26
32.94	7.21
32.96	7.17
32.99	7.16
33.01	7.14
33.04	7.1
33.06	7.08
33.08	7.01
33.11	6.99
33.13	6.96
33.16	6.92
33.18	6.9
33.21	6.87
33.23	6.82
33.26	6.81
33.28	6.76
33.3	6.72
33.33	6.69
33.35	6.64
33.38	6.6
33.4	6.57
33.43	6.52
33.45	6.5
33.47	6.47
33.5	6.42
33.52	6.4
33.55	6.35
33.57	6.32
33.6	6.28
33.62	6.23
33.65	6.21
33.67	6.18
33.69	6.14
33.72	6.14
33.74	6.1
33.77	6.07
33.79	6.05
33.82	5.99
33.84	5.95
33.87	5.93
33.89	5.88
33.91	5.85
33.94	5.82
33.96	5.8
33.99	5.79
34.01	5.77
34.04	5.73
34.06	5.73
34.09	5.71
34.11	5.7
34.13	5.66
34.16	5.65
34.18	5.63
34.21	5.65
34.23	5.6
34.26	5.63
34.28	5.57
34.31	5.6
34.33	5.57
34.35	5.59
34.38	5.55
34.4	5.56
34.43	5.52
34.45	5.59
34.48	5.56
34.5	5.58
34.52	5.55
34.55	5.57
34.57	5.56
34.6	5.59
34.62	5.56
34.65	5.6
34.67	5.58
34.7	5.61
34.72	5.64
34.74	5.67
34.77	5.67
34.79	5.69
34.82	5.69
34.84	5.74
34.87	5.75
34.89	5.78
34.92	5.79
34.94	5.81
34.96	5.83
34.99	5.87
35.01	5.87
35.04	5.91
35.06	5.94
35.09	5.97
35.11	6.03
35.14	6.08
35.16	6.1
35.18	6.18
35.21	6.22
35.23	6.24
35.26	6.28
35.28	6.3
35.31	6.34
35.33	6.38
35.36	6.41
35.38	6.45
35.4	6.5
35.43	6.55
35.45	6.62
35.48	6.67
35.5	6.74
35.53	6.79
35.55	6.85
35.57	6.91
35.6	6.97
35.62	7.02
35.65	7.09
35.67	7.12
35.7	7.18
35.72	7.22
35.75	7.29
35.77	7.35
35.79	7.43
35.82	7.47
35.84	7.56
35.87	7.61
35.89	7.71
35.92	7.77
35.94	7.85
35.97	7.87
35.99	7.97
36.01	8.01
36.04	8.11
36.06	8.15
36.09	8.24
36.11	8.3
36.14	8.4
36.16	8.46
36.19	8.56
36.21	8.6
36.23	8.7
36.26	8.75
36.28	8.84
36.31	8.9
36.33	8.98
36.36	9.02
36.38	9.11
36.41	9.17
36.43	9.26
36.45	9.33
36.48	9.4
36.5	9.45
36.53	9.53
36.55	9.58
36.58	9.67
36.6	9.71
36.62	9.75
36.65	9.81
36.67	9.84
36.7	9.89
36.72	9.94
36.75	9.96
36.77	10.02
36.8	10.06
36.82	10.11
36.84	10.17
36.87	10.19
36.89	10.23
36.92	10.28
36.94	10.31
36.97	10.33
36.99	10.36
37.02	10.39
37.04	10.43
37.06	10.44
37.09	10.45
37.11	10.47
37.14	10.48
37.16	10.5
37.19	10.51
37.21	10.5
37.24	10.5
37.26	10.5
37.28	10.51
37.31	10.51
37.33	10.52
37.36	10.48
37.38	10.49
37.41	10.45
37.43	10.45
37.46	10.41
37.48	10.4
37.5	10.34
37.53	10.33
37.55	10.27
37.58	10.29
37.6	10.2
37.63	10.19
37.65	10.14
37.68	10.14
37.7	10.08
37.72	10.06
37.75	9.98
37.77	9.97
37.8	9.92
37.82	9.88
37.85	9.81
37.87	9.79
37.89	9.7
37.92	9.69
37.94	9.63
37.97	9.59
37.99	9.52
38.02	9.47
38.04	9.41
38.07	9.38
38.09	9.31
38.11	9.27
38.14	9.19
38.16	9.13
38.19	9.06
38.21	9
38.24	8.92
38.26	8.86
38.29	8.78
38.31	8.73
38.33	8.66
38.36	8.62
38.38	8.57
38.41	8.53
38.43	8.47
38.46	8.43
38.48	8.38
38.51	8.34
38.53	8.28
38.55	8.22
38.58	8.16
38.6	8.12
38.63	8.06
38.65	8.03
38.68	7.98
38.7	7.95
38.73	7.92
38.75	7.88
38.77	7.86
38.8	7.83
38.82	7.8
38.85	7.77
38.87	7.74
38.9	7.69
38.92	7.66
38.94	7.63
38.97	7.61
38.99	7.59
39.02	7.58
39.04	7.55
39.07	7.54
39.09	7.51
39.12	7.53
39.14	7.51
39.16	7.52
39.19	7.49
39.21	7.5
39.24	7.5
39.26	7.54
39.29	7.5
39.31	7.53
39.34	7.51
39.36	7.55
39.38	7.57
39.41	7.61
39.43	7.59
39.46	7.63
39.48	7.63
39.51	7.69
39.53	7.69
39.56	7.71
39.58	7.71
39.6	7.75
39.63	7.77
39.65	7.83
39.68	7.82
39.7	7.87
39.73	7.88
39.75	7.93
39.78	7.96
39.8	7.99
39.82	8.02
39.85	8.09
39.87	8.12
39.9	8.19
39.92	8.24
39.95	8.31
39.97	8.37
39.99	8.42
40.02	8.45
40.04	8.51
40.07	8.55
40.09	8.6
40.12	8.67
40.14	8.73
40.17	8.8
40.19	8.87
40.21	8.94
40.24	9.03
40.26	9.11
40.29	9.17
40.31	9.25
40.34	9.31
40.36	9.38
40.39	9.46
40.41	9.53
40.43	9.59
40.46	9.68
40.48	9.73
40.51	9.83
40.53	9.89
40.56	9.96
40.58	10.05
40.61	10.16
40.63	10.23
40.65	10.35
40.68	10.44
40.7	10.57
40.73	10.66
40.75	10.75
40.78	10.81
40.8	10.91
40.83	10.98
40.85	11.11
40.87	11.16
40.9	11.26
40.92	11.33
40.95	11.47
40.97	11.56
41	11.69
41.02	11.73
41.05	11.84
41.07	11.92
41.09	12.03
41.12	12.09
41.14	12.18
41.17	12.24
41.19	12.35
41.22	12.43
41.24	12.54
41.26	12.58
41.29	12.68
41.31	12.78
41.34	12.9
41.36	12.95
41.39	13.05
41.41	13.11
41.44	13.24
41.46	13.31
41.48	13.37
41.51	13.43
41.53	13.5
41.56	13.54
41.58	13.64
41.61	13.69
41.63	13.76
41.66	13.81
41.68	13.86
41.7	13.93
41.73	13.99
41.75	14.01
41.78	14.05
41.8	14.06
41.83	14.08
41.85	14.11
41.88	14.13
41.9	14.14
41.92	14.16
41.95	14.17
41.97	14.19
42	14.19
42.02	14.19
42.05	14.21
42.07	14.21
42.1	14.21
42.12	14.2
42.14	14.2
42.17	14.2
42.19	14.2
42.22	14.17
42.24	14.16
42.27	14.13
42.29	14.12
42.31	14.1
42.34	14.09
42.36	14.05
42.39	14.03
42.41	13.97
42.44	13.94
42.46	13.87
42.49	13.82
42.51	13.75
42.53	13.7
42.56	13.61
42.58	13.58
42.61	13.49
42.63	13.48
42.66	13.38
42.68	13.33
42.71	13.24
42.73	13.2
42.75	13.1
42.78	13.07
42.8	12.95
42.83	12.9
42.85	12.81
42.88	12.77
42.9	12.7
42.93	12.65
42.95	12.54
42.97	12.49
43	12.39
43.02	12.33
43.05	12.25
43.07	12.16
43.1	12.06
43.12	11.99
43.15	11.91
43.17	11.85
43.19	11.75
43.22	11.66
43.24	11.58
43.27	11.5
43.29	11.43
43.32	11.37
43.34	11.28
43.36	11.23
43.39	11.15
43.41	11.09
43.44	11.04
43.46	10.97
43.49	10.9
43.51	10.86
43.54	10.79
43.56	10.75
43.58	10.68
43.61	10.63
43.63	10.58
43.66	10.54
43.68	10.46
43.71	10.43
43.73	10.38
43.76	10.36
43.78	10.34
43.8	10.3
43.83	10.27
43.85	10.25
43.88	10.21
43.9	10.2
43.93	10.18
43.95	10.14
43.98	10.13
44	10.09
44.02	10.08
44.05	10.08
44.07	10.08
44.1	10.07
44.12	10.07
44.15	10.05
44.17	10.11
44.2	10.11
44.22	10.14
44.24	10.14
44.27	10.17
44.29	10.17
44.32	10.23
44.34	10.21
44.37	10.27
44.39	10.27
44.41	10.31
44.44	10.34
44.46	10.4
44.49	10.4
44.51	10.49
44.54	10.49
44.56	10.58
44.59	10.61
44.61	10.67
44.63	10.71
44.66	10.79
44.68	10.81
44.71	10.9
44.73	10.91
44.76	10.98
44.78	11.02
44.81	11.09
44.83	11.15
44.85	11.25
44.88	11.3
44.9	11.42
44.93	11.49
44.95	11.57
44.98	11.67
45	11.76
45.03	11.83
45.05	11.9
45.07	11.95
45.1	12.04
45.12	12.14
45.15	12.21
45.17	12.32
45.2	12.41
45.22	12.52
45.25	12.63
45.27	12.73
45.29	12.83
45.32	12.93
45.34	13
45.37	13.11
45.39	13.2
45.42	13.3
45.44	13.39
45.47	13.47
45.49	13.57
45.51	13.7
45.54	13.8
45.56	13.92
45.59	14.02
45.61	14.15
45.64	14.28
45.66	14.39
45.68	14.46
45.71	14.6
45.73	14.69
45.76	14.83
45.78	14.91
45.81	15.02
45.83	15.11
45.86	15.28
45.88	15.37
45.9	15.51
45.93	15.57
45.95	15.7
45.98	15.78
46	15.91
46.03	15.98
46.05	16.11
46.08	16.16
46.1	16.34
46.12	16.42
46.15	16.57
46.17	16.66
46.2	16.76
46.22	16.82
46.25	16.96
46.27	17.01
46.3	17.12
46.32	17.15
46.34	17.28
46.37	17.37
46.39	17.48
46.42	17.54
46.44	17.65
46.47	17.69
46.49	17.81
46.52	17.85
46.54	17.92
46.56	17.96
46.59	18.03
46.61	18.06
46.64	18.15
46.66	18.18
46.69	18.24
46.71	18.28
46.73	18.32
46.76	18.35
46.78	18.39
46.81	18.42
46.83	18.48
46.86	18.48
46.88	18.5
46.91	18.53
46.93	18.53
46.95	18.53
46.98	18.53
47	18.5
47.03	18.5
47.05	18.49
47.08	18.48
47.1	18.5
47.13	18.49
47.15	18.47
47.17	18.46
47.2	18.42
47.22	18.38
47.25	18.34
47.27	18.3
47.3	18.26
47.32	18.21
47.35	18.15
47.37	18.09
47.39	18.04
47.42	17.98
47.44	17.92
47.47	17.82
47.49	17.76
47.52	17.68
47.54	17.64
47.57	17.59
47.59	17.52
47.61	17.41
47.64	17.36
47.66	17.23
47.69	17.18
47.71	17.07
47.74	16.97
47.76	16.85
47.78	16.78
47.81	16.68
47.83	16.64
47.86	16.5
47.88	16.41
47.91	16.32
47.93	16.25
47.96	16.15
47.98	16.06
48	15.92
48.03	15.86
48.05	15.74
48.08	15.66
48.1	15.56
48.13	15.45
48.15	15.33
48.18	15.26
48.2	15.16
48.22	15.09
48.25	14.99
48.27	14.88
48.3	14.81
48.32	14.73
48.35	14.64
48.37	14.56
48.4	14.44
48.42	14.36
48.44	14.29
48.47	14.21
48.49	14.15
48.52	14.07
48.54	14.01
48.57	13.98
48.59	13.93
48.62	13.87
48.64	13.81
48.66	13.77
48.69	13.73
48.71	13.68
48.74	13.63
48.76	13.59
48.79	13.56
48.81	13.55
48.84	13.52
48.86	13.52
48.88	13.51
48.91	13.49
48.93	13.49
48.96	13.48
48.98	13.46
49.01	13.44
49.03	13.46
49.05	13.46
49.08	13.47
49.1	13.49
49.13	13.5
49.15	13.54
49.18	13.56
49.2	13.56
49.23	13.59
49.25	13.59
49.27	13.61
49.3	13.64
49.32	13.69
49.35	13.72
49.37	13.77
49.4	13.81
49.42	13.91
49.45	13.96
49.47	14.04
49.49	14.09
49.52	14.16
49.54	14.2
49.57	14.29
49.59	14.33
49.62	14.42
49.64	14.46
49.67	14.53
49.69	14.6
49.71	14.7
49.74	14.76
49.76	14.89
49.79	14.94
49.81	15.07
49.84	15.14
49.86	15.27
49.89	15.35
49.91	15.46
49.93	15.5
49.96	15.64
49.98	15.69
50.01	15.83
50.03	15.9
50.06	16.03
50.08	16.13
50.1	16.28
50.13	16.38
50.15	16.54
50.18	16.62
50.2	16.75
50.23	16.87
50.25	16.99
50.28	17.08
50.3	17.19
50.32	17.26
50.35	17.39
50.37	17.52
50.4	17.64
50.42	17.78
50.45	17.9
50.47	18.03
50.5	18.18
50.52	18.33
50.54	18.47
50.57	18.58
50.59	18.69
50.62	18.84
50.64	18.96
50.67	19.08
50.69	19.19
50.72	19.29
50.74	19.42
50.76	19.58
50.79	19.7
50.81	19.86
50.84	20
50.86	20.14
50.89	20.28
50.91	20.39
50.94	20.5
50.96	20.64
50.98	20.72
51.01	20.85
51.03	20.95
51.06	21.07
51.08	21.21
51.11	21.33
51.13	21.42
51.15	21.57
51.18	21.67
51.2	21.79
51.23	21.88
51.25	21.98
51.28	22.05
51.3	22.16
51.33	22.22
51.35	22.33
51.37	22.39
51.4	22.51
51.42	22.58
51.45	22.69
51.47	22.73
51.5	22.84
51.52	22.87
51.55	22.98
51.57	22.99
51.59	23.06
51.62	23.09
51.64	23.19
51.67	23.21
51.69	23.31
51.72	23.29
51.74	23.36
51.77	23.37
51.79	23.43
51.81	23.43
51.84	23.45
51.86	23.42
51.89	23.46
51.91	23.44
51.94	23.45
51.96	23.44
51.99	23.44
52.01	23.42
52.03	23.41
52.06	23.39
52.08	23.41
52.11	23.37
52.13	23.33
52.16	23.29
52.18	23.24
52.2	23.21
52.23	23.17
52.25	23.08
52.28	23.04
52.3	22.98
52.33	22.91
52.35	22.87
52.38	22.81
52.4	22.74
52.42	22.67
52.45	22.6
52.47	22.52
52.5	22.45
52.52	22.36
52.55	22.26
52.57	22.17
52.6	22.07
52.62	21.96
52.64	21.86
52.67	21.77
52.69	21.67
52.72	21.58
52.74	21.48
52.77	21.38
52.79	21.29
52.82	21.2
52.84	21.09
52.86	20.96
52.89	20.85
52.91	20.7
52.94	20.6
52.96	20.49
52.99	20.39
53.01	20.28
53.04	20.18
53.06	20.05
53.08	20.01
53.11	19.89
53.13	19.81
53.16	19.67
53.18	19.57
53.21	19.45
53.23	19.38
53.26	19.23
53.28	19.15
53.3	19.02
53.33	18.96
53.35	18.87
53.38	18.8
53.4	18.7
53.43	18.66
53.45	18.56
53.47	18.53
53.5	18.43
53.52	18.38
53.55	18.31
53.57	18.26
53.6	18.18
53.62	18.15
53.65	18.06
53.67	18.01
53.69	17.95
53.72	17.91
53.74	17.88
53.77	17.85
53.79	17.8
53.82	17.8
53.84	17.78
53.87	17.76
53.89	17.76
53.91	17.76
53.94	17.76
53.96	17.77
53.99	17.76
54.01	17.78
54.04	17.79
54.06	17.79
54.09	17.79
54.11	17.79
54.13	17.8
54.16	17.82
54.18	17.85
54.21	17.89
54.23	17.92
54.26	17.96
54.28	18.05
54.31	18.11
54.33	18.18
54.35	18.25
54.38	18.3
54.4	18.36
54.43	18.43
54.45	18.47
54.48	18.54
54.5	18.59
54.52	18.66
54.55	18.74
54.57	18.84
54.6	18.91
54.62	19.01
54.65	19.09
54.67	19.22
54.7	19.3
54.72	19.39
54.74	19.46
54.77	19.59
54.79	19.68
54.82	19.82
54.84	19.87
54.87	19.99
54.89	20.09
54.92	20.25
54.94	20.35
54.96	20.49
54.99	20.56
55.01	20.74
55.04	20.85
55.06	21.02
55.09	21.1
55.11	21.25
55.14	21.35
55.16	21.52
55.18	21.61
55.21	21.77
55.23	21.84
55.26	22.01
55.28	22.15
55.31	22.33
55.33	22.44
55.36	22.62
55.38	22.75
55.4	22.96
55.43	23.09
55.45	23.21
55.48	23.31
55.5	23.46
55.53	23.58
55.55	23.74
55.57	23.82
55.6	23.99
55.62	24.14
55.65	24.32
55.67	24.46
55.7	24.62
55.72	24.76
55.75	24.94
55.77	25.05
55.79	25.16
55.82	25.27
55.84	25.41
55.87	25.54
55.89	25.66
55.92	25.79
55.94	25.94
55.97	26.08
55.99	26.22
56.01	26.36
56.04	26.49
56.06	26.61
56.09	26.74
56.11	26.85
56.14	26.96
56.16	27.07
56.19	27.16
56.21	27.28
56.23	27.38
56.26	27.49
56.28	27.6
56.31	27.71
56.33	27.82
56.36	27.94
56.38	28.03
56.41	28.13
56.43	28.19
56.45	28.27
56.48	28.34
56.5	28.41
56.53	28.44
56.55	28.51
56.58	28.55
56.6	28.65
56.62	28.7
56.65	28.78
56.67	28.8
56.7	28.86
56.72	28.89
56.75	28.97
56.77	28.99
56.8	29.04
56.82	29.04
56.84	29.11
56.87	29.12
56.89	29.15
56.92	29.11
56.94	29.14
56.97	29.13
56.99	29.15
57.02	29.15
57.04	29.17
57.06	29.14
57.09	29.15
57.11	29.12
57.14	29.11
57.16	29.07
57.19	29.03
57.21	28.97
57.24	28.93
57.26	28.89
57.28	28.83
57.31	28.76
57.33	28.69
57.36	28.61
57.38	28.54
57.41	28.48
57.43	28.39
57.46	28.31
57.48	28.26
57.5	28.19
57.53	28.13
57.55	28.06
57.58	27.97
57.6	27.9
57.63	27.81
57.65	27.7
57.68	27.59
57.7	27.47
57.72	27.35
57.75	27.24
57.77	27.12
57.8	27
57.82	26.89
57.85	26.78
57.87	26.69
57.89	26.58
57.92	26.47
57.94	26.36
57.97	26.23
57.99	26.13
58.02	26.01
58.04	25.87
58.07	25.75
58.09	25.62
58.11	25.5
58.14	25.39
58.16	25.23
58.19	25.12
58.21	25.01
58.24	24.91
58.26	24.79
58.29	24.72
58.31	24.61
58.33	24.55
58.36	24.42
58.38	24.33
58.41	24.22
58.43	24.16
58.46	24.03
58.48	23.99
58.51	23.88
58.53	23.84
58.55	23.75
58.58	23.71
58.6	23.64
58.63	23.61
58.65	23.51
58.68	23.5
58.7	23.43
58.73	23.4
58.75	23.33
58.77	23.29
58.8	23.25
58.82	23.25
58.85	23.2
58.87	23.2
58.9	23.15
58.92	23.16
58.94	23.16
58.97	23.17
58.99	23.15
59.02	23.18
59.04	23.18
59.07	23.2
59.09	23.22
59.12	23.25
59.14	23.26
59.16	23.3
59.19	23.32
59.21	23.37
59.24	23.43
59.26	23.47
59.29	23.5
59.31	23.53
59.34	23.59
59.36	23.64
59.38	23.7
59.41	23.77
59.43	23.84
59.46	23.93
59.48	24.03
59.51	24.11
59.53	24.22
59.56	24.3
59.58	24.4
59.6	24.49
59.63	24.57
59.65	24.66
59.68	24.77
59.7	24.85
59.73	24.95
59.75	25.04
59.78	25.16
59.8	25.27
59.82	25.41
59.85	25.51
59.87	25.66
59.9	25.78
59.92	25.93
59.95	26.05
59.97	26.17
59.99	26.25
