U1	IA
0.02	0.63
0.04	0.58
0.07	0.61
0.09	0.58
0.12	0.63
0.14	0.53
0.17	0.63
0.19	0.6
0.21	0.69
0.24	0.63
0.26	0.69
0.29	0.6
0.31	0.68
0.34	0.62
0.36	0.68
0.39	0.55
0.41	0.59
0.43	0.52
0.46	0.6
0.48	0.52
0.51	0.56
0.53	0.48
0.56	0.58
0.58	0.53
0.61	0.6
0.63	0.54
0.65	0.58
0.68	0.53
0.7	0.59
0.73	0.55
0.75	0.6
0.78	0.55
0.8	0.57
0.83	0.56
0.85	0.62
0.87	0.57
0.9	0.62
0.92	0.59
0.95	0.62
0.97	0.6
1	0.63
1.02	0.6
1.05	0.63
1.07	0.62
1.09	0.63
1.12	0.58
1.14	0.6
1.17	0.59
1.19	0.62
1.22	0.6
1.24	0.62
1.26	0.61
1.29	0.66
1.31	0.63
1.34	0.62
1.36	0.6
1.39	0.6
1.41	0.57
1.44	0.59
1.46	0.55
1.48	0.57
1.51	0.55
1.53	0.5
1.56	0.49
1.58	0.48
1.61	0.49
1.63	0.51
1.66	0.53
1.68	0.53
1.7	0.59
1.73	0.59
1.75	0.63
1.78	0.61
1.8	0.65
1.83	0.58
1.85	0.61
1.88	0.56
1.9	0.64
1.92	0.6
1.95	0.65
1.97	0.55
2	0.62
2.02	0.6
2.05	0.68
2.07	0.59
2.1	0.63
2.12	0.53
2.14	0.63
2.17	0.59
2.19	0.63
2.22	0.55
2.24	0.61
2.27	0.55
2.29	0.65
2.31	0.58
2.34	0.62
2.36	0.56
2.39	0.62
2.41	0.59
2.44	0.64
2.46	0.59
2.49	0.62
2.51	0.55
2.53	0.6
2.56	0.59
2.58	0.6
2.61	0.56
2.63	0.62
2.66	0.6
2.68	0.64
2.71	0.62
2.73	0.64
2.75	0.65
2.78	0.68
2.8	0.62
2.83	0.64
2.85	0.64
2.88	0.65
2.9	0.65
2.93	0.66
2.95	0.63
2.97	0.67
3	0.65
3.02	0.66
3.05	0.64
3.07	0.64
3.1	0.62
3.12	0.63
3.15	0.61
3.17	0.61
3.19	0.61
3.22	0.6
3.24	0.56
3.27	0.55
3.29	0.56
3.32	0.56
3.34	0.58
3.36	0.57
3.39	0.58
3.41	0.57
3.44	0.6
3.46	0.58
3.49	0.63
3.51	0.58
3.54	0.6
3.56	0.56
3.58	0.62
3.61	0.61
3.63	0.68
3.66	0.59
3.68	0.63
3.71	0.57
3.73	0.67
3.76	0.61
3.78	0.63
3.8	0.5
3.83	0.58
3.85	0.51
3.88	0.58
3.9	0.48
3.93	0.55
3.95	0.51
3.98	0.61
4	0.55
4.02	0.63
4.05	0.54
4.07	0.61
4.1	0.57
4.12	0.62
4.15	0.57
4.17	0.61
4.2	0.56
4.22	0.64
4.24	0.59
4.27	0.63
4.29	0.57
4.32	0.58
4.34	0.54
4.37	0.59
4.39	0.55
4.42	0.6
4.44	0.58
4.46	0.59
4.49	0.6
4.51	0.63
4.54	0.59
4.56	0.61
4.59	0.58
4.61	0.6
4.63	0.58
4.66	0.6
4.68	0.59
4.71	0.63
4.73	0.62
4.76	0.66
4.78	0.64
4.81	0.68
4.83	0.67
4.85	0.68
4.88	0.66
4.9	0.68
4.93	0.65
4.95	0.65
4.98	0.65
5	0.67
5.03	0.68
5.05	0.67
5.07	0.66
5.1	0.66
5.12	0.68
5.15	0.69
5.17	0.7
5.2	0.64
5.22	0.66
5.25	0.62
5.27	0.65
5.29	0.63
5.32	0.65
5.34	0.57
5.37	0.61
5.39	0.54
5.42	0.65
5.44	0.59
5.47	0.63
5.49	0.55
5.51	0.6
5.54	0.56
5.56	0.67
5.59	0.57
5.61	0.64
5.64	0.56
5.66	0.65
5.68	0.62
5.71	0.67
5.73	0.57
5.76	0.64
5.78	0.56
5.81	0.64
5.83	0.58
5.86	0.61
5.88	0.55
5.9	0.6
5.93	0.56
5.95	0.63
5.98	0.57
6	0.59
6.03	0.54
6.05	0.59
6.08	0.59
6.1	0.63
6.12	0.57
6.15	0.61
6.17	0.59
6.2	0.64
6.22	0.65
6.25	0.66
6.27	0.63
6.3	0.68
6.32	0.65
6.34	0.69
6.37	0.69
6.39	0.68
6.42	0.67
6.44	0.69
6.47	0.66
6.49	0.68
6.52	0.63
6.54	0.64
6.56	0.64
6.59	0.66
6.61	0.64
6.64	0.67
6.66	0.64
6.69	0.69
6.71	0.68
6.73	0.68
6.76	0.65
6.78	0.63
6.81	0.63
6.83	0.64
6.86	0.64
6.88	0.63
6.91	0.59
6.93	0.58
6.95	0.63
6.98	0.62
7	0.63
7.03	0.62
7.05	0.62
7.08	0.62
7.1	0.69
7.13	0.66
7.15	0.72
7.17	0.65
7.2	0.67
7.22	0.65
7.25	0.71
7.27	0.64
7.3	0.69
7.32	0.6
7.35	0.66
7.37	0.61
7.39	0.67
7.42	0.6
7.44	0.64
7.47	0.55
7.49	0.64
7.52	0.57
7.54	0.63
7.57	0.57
7.59	0.63
7.61	0.59
7.64	0.65
7.66	0.6
7.69	0.66
7.71	0.61
7.74	0.67
7.76	0.68
7.78	0.71
7.81	0.69
7.83	0.73
7.86	0.69
7.88	0.75
7.91	0.72
7.93	0.71
7.96	0.7
7.98	0.71
8	0.7
8.03	0.75
8.05	0.73
8.08	0.74
8.1	0.73
8.13	0.73
8.15	0.71
8.18	0.74
8.2	0.7
8.22	0.71
8.25	0.67
8.27	0.67
8.3	0.66
8.32	0.69
8.35	0.65
8.37	0.66
8.4	0.64
8.42	0.7
8.44	0.69
8.47	0.69
8.49	0.71
8.52	0.72
8.54	0.72
8.57	0.73
8.59	0.7
8.62	0.69
8.64	0.71
8.66	0.71
8.69	0.75
8.71	0.72
8.74	0.73
8.76	0.73
8.79	0.77
8.81	0.77
8.84	0.78
8.86	0.7
8.88	0.77
8.91	0.7
8.93	0.76
8.96	0.73
8.98	0.75
9.01	0.67
9.03	0.73
9.05	0.66
9.08	0.77
9.1	0.69
9.13	0.73
9.15	0.66
9.18	0.74
9.2	0.69
9.23	0.79
9.25	0.69
9.27	0.76
9.3	0.71
9.32	0.82
9.35	0.75
9.37	0.81
9.4	0.73
9.42	0.81
9.45	0.78
9.47	0.82
9.49	0.77
9.52	0.79
9.54	0.75
9.57	0.8
9.59	0.77
9.62	0.82
9.64	0.77
9.67	0.78
9.69	0.78
9.71	0.79
9.74	0.78
9.76	0.78
9.79	0.74
9.81	0.78
9.84	0.77
9.86	0.78
9.89	0.8
9.91	0.79
9.93	0.78
9.96	0.83
9.98	0.8
10.01	0.81
10.03	0.82
10.06	0.84
10.08	0.84
10.1	0.88
10.13	0.83
10.15	0.86
10.18	0.85
10.2	0.87
10.23	0.86
10.25	0.88
10.28	0.86
10.3	0.87
10.32	0.87
10.35	0.91
10.37	0.92
10.4	0.9
10.42	0.88
10.45	0.85
10.47	0.89
10.5	0.89
10.52	0.88
10.54	0.83
10.57	0.83
10.59	0.79
10.62	0.89
10.64	0.85
10.67	0.88
10.69	0.84
10.72	0.88
10.74	0.85
10.76	0.97
10.79	0.9
10.81	0.95
10.84	0.88
10.86	0.93
10.89	0.9
10.91	0.97
10.94	0.86
10.96	0.92
10.98	0.86
11.01	0.96
11.03	0.9
11.06	0.93
11.08	0.88
11.11	0.95
11.13	0.9
11.15	0.96
11.18	0.87
11.2	0.9
11.23	0.84
11.25	0.87
11.28	0.87
11.3	0.92
11.33	0.87
11.35	0.91
11.37	0.89
11.4	0.97
11.42	0.98
11.45	1.01
11.47	0.98
11.5	1.03
11.52	1.02
11.55	1.07
11.57	1.04
11.59	1.05
11.62	1.04
11.64	1.05
11.67	1.03
11.69	1.05
11.72	1.04
11.74	1.09
11.77	1.09
11.79	1.1
11.81	1.11
11.84	1.13
11.86	1.11
11.89	1.13
11.91	1.07
11.94	1.07
11.96	1.06
11.99	1.06
12.01	1.03
12.03	1.06
12.06	1.06
12.08	1.07
12.11	1.05
12.13	1.05
12.16	1.07
12.18	1.08
12.21	1.1
12.23	1.08
12.25	1.09
12.28	1.09
12.3	1.13
12.33	1.12
12.35	1.17
12.38	1.09
12.4	1.11
12.42	1.09
12.45	1.15
12.47	1.11
12.5	1.16
12.52	1.08
12.55	1.18
12.57	1.16
12.6	1.21
12.62	1.14
12.64	1.17
12.67	1.11
12.69	1.16
12.72	1.1
12.74	1.16
12.77	1.09
12.79	1.14
12.82	1.12
12.84	1.18
12.86	1.16
12.89	1.21
12.91	1.17
12.94	1.24
12.96	1.21
12.99	1.25
13.01	1.23
13.04	1.26
13.06	1.22
13.08	1.28
13.11	1.25
13.13	1.3
13.16	1.25
13.18	1.28
13.21	1.25
13.23	1.28
13.26	1.26
13.28	1.3
13.3	1.28
13.33	1.32
13.35	1.28
13.38	1.31
13.4	1.3
13.43	1.29
13.45	1.27
13.47	1.28
13.5	1.25
13.52	1.29
13.55	1.29
13.57	1.32
13.6	1.31
13.62	1.36
13.65	1.36
13.67	1.4
13.69	1.37
13.72	1.38
13.74	1.38
13.77	1.4
13.79	1.35
13.82	1.36
13.84	1.36
13.87	1.38
13.89	1.39
13.91	1.37
13.94	1.37
13.96	1.37
13.99	1.4
14.01	1.43
14.04	1.44
14.06	1.4
14.09	1.44
14.11	1.4
14.13	1.46
14.16	1.43
14.18	1.43
14.21	1.37
14.23	1.41
14.26	1.35
14.28	1.44
14.31	1.37
14.33	1.4
14.35	1.36
14.38	1.42
14.4	1.39
14.43	1.49
14.45	1.42
14.48	1.48
14.5	1.46
14.52	1.52
14.55	1.5
14.57	1.54
14.6	1.48
14.62	1.54
14.65	1.49
14.67	1.56
14.7	1.51
14.72	1.54
14.74	1.54
14.77	1.57
14.79	1.54
14.82	1.58
14.84	1.51
14.87	1.53
14.89	1.48
14.92	1.5
14.94	1.49
14.96	1.5
14.99	1.49
15.01	1.51
15.04	1.49
15.06	1.52
15.09	1.49
15.11	1.51
15.14	1.5
15.16	1.5
15.18	1.5
15.21	1.54
15.23	1.52
15.26	1.56
15.28	1.56
15.31	1.6
15.33	1.6
15.36	1.62
15.38	1.6
15.4	1.64
15.43	1.61
15.45	1.62
15.48	1.63
15.5	1.63
15.53	1.64
15.55	1.65
15.57	1.66
15.6	1.68
15.62	1.65
15.65	1.63
15.67	1.65
15.7	1.63
15.72	1.64
15.75	1.6
15.77	1.61
15.79	1.59
15.82	1.65
15.84	1.62
15.87	1.66
15.89	1.63
15.92	1.65
15.94	1.61
15.97	1.68
15.99	1.62
16.01	1.69
16.04	1.63
16.06	1.68
16.09	1.65
16.11	1.72
16.14	1.67
16.16	1.72
16.19	1.65
16.21	1.75
16.23	1.7
16.26	1.77
16.28	1.72
16.31	1.76
16.33	1.71
16.36	1.76
16.38	1.7
16.41	1.74
16.43	1.65
16.45	1.69
16.48	1.69
16.5	1.73
16.53	1.69
16.55	1.73
16.58	1.71
16.6	1.8
16.63	1.79
16.65	1.79
16.67	1.78
16.7	1.82
16.72	1.81
16.75	1.87
16.77	1.84
16.8	1.88
16.82	1.88
16.84	1.9
16.87	1.91
16.89	1.94
16.92	1.9
16.94	1.94
16.97	1.93
16.99	1.95
17.02	1.96
17.04	1.98
17.06	1.97
17.09	1.99
17.11	1.96
17.14	2
17.16	1.97
17.19	1.98
17.21	1.99
17.24	2.04
17.26	2.05
17.28	2.04
17.31	2.03
17.33	2.05
17.36	2.07
17.38	2.07
17.41	2.08
17.43	2.06
17.46	2.07
17.48	2.09
17.5	2.12
17.53	2.11
17.55	2.14
17.58	2.09
17.6	2.13
17.63	2.12
17.65	2.17
17.68	2.15
17.7	2.2
17.72	2.14
17.75	2.2
17.77	2.18
17.8	2.23
17.82	2.17
17.85	2.21
17.87	2.14
17.89	2.19
17.92	2.14
17.94	2.2
17.97	2.14
17.99	2.2
18.02	2.15
18.04	2.23
18.07	2.21
18.09	2.26
18.11	2.2
18.14	2.27
18.16	2.22
18.19	2.27
18.21	2.25
18.24	2.28
18.26	2.24
18.29	2.29
18.31	2.29
18.33	2.36
18.36	2.33
18.38	2.37
18.41	2.37
18.43	2.43
18.46	2.42
18.48	2.43
18.51	2.38
18.53	2.42
18.55	2.38
18.58	2.39
18.6	2.38
18.63	2.4
18.65	2.4
18.68	2.46
18.7	2.45
18.73	2.5
18.75	2.49
18.77	2.51
18.8	2.5
18.82	2.52
18.85	2.48
18.87	2.5
18.9	2.47
18.92	2.49
18.94	2.5
18.97	2.51
18.99	2.48
19.02	2.49
19.04	2.5
19.07	2.53
19.09	2.55
19.12	2.52
19.14	2.52
19.16	2.5
19.19	2.53
19.21	2.53
19.24	2.55
19.26	2.5
19.29	2.51
19.31	2.48
19.34	2.56
19.36	2.54
19.38	2.57
19.41	2.51
19.43	2.55
19.46	2.53
19.48	2.6
19.51	2.53
19.53	2.56
19.56	2.49
19.58	2.52
19.6	2.48
19.63	2.52
19.65	2.44
19.68	2.52
19.7	2.47
19.73	2.54
19.75	2.52
19.78	2.57
19.8	2.55
19.82	2.62
19.85	2.57
19.87	2.62
19.9	2.58
19.92	2.58
19.95	2.55
19.97	2.57
19.99	2.57
20.02	2.6
20.04	2.57
20.07	2.59
20.09	2.59
20.12	2.62
20.14	2.61
20.17	2.62
20.19	2.6
20.21	2.62
20.24	2.59
20.26	2.64
20.29	2.62
20.31	2.62
20.34	2.59
20.36	2.61
20.39	2.59
20.41	2.64
20.43	2.61
20.46	2.64
20.48	2.63
20.51	2.67
20.53	2.68
20.56	2.7
20.58	2.67
20.61	2.7
20.63	2.68
20.65	2.72
20.68	2.69
20.7	2.67
20.73	2.67
20.75	2.7
20.78	2.71
20.8	2.7
20.83	2.69
20.85	2.7
20.87	2.75
20.9	2.77
20.92	2.78
20.95	2.76
20.97	2.79
21	2.76
21.02	2.8
21.05	2.76
21.07	2.78
21.09	2.72
21.12	2.76
21.14	2.76
21.17	2.84
21.19	2.82
21.22	2.87
21.24	2.83
21.26	2.94
21.29	2.9
21.31	2.96
21.34	2.9
21.36	2.93
21.39	2.91
21.41	2.99
21.44	2.93
21.46	3.01
21.48	2.96
21.51	3.03
21.53	3.04
21.56	3.09
21.58	3.05
21.61	3.12
21.63	3.09
21.66	3.14
21.68	3.11
21.7	3.16
21.73	3.13
21.75	3.16
21.78	3.13
21.8	3.19
21.83	3.17
21.85	3.21
21.88	3.21
21.9	3.26
21.92	3.25
21.95	3.29
21.97	3.28
22	3.35
22.02	3.34
22.05	3.36
22.07	3.36
22.1	3.38
22.12	3.38
22.14	3.41
22.17	3.39
22.19	3.44
22.22	3.44
22.24	3.46
22.27	3.49
22.29	3.53
22.31	3.54
22.34	3.6
22.36	3.59
22.39	3.62
22.41	3.65
22.44	3.7
22.46	3.72
22.49	3.72
22.51	3.7
22.53	3.7
22.56	3.71
22.58	3.74
22.61	3.75
22.63	3.71
22.66	3.74
22.68	3.74
22.71	3.78
22.73	3.81
22.75	3.84
22.78	3.79
22.8	3.84
22.83	3.8
22.85	3.88
22.88	3.84
22.9	3.87
22.93	3.82
22.95	3.88
22.97	3.85
23	3.94
23.02	3.89
23.05	3.95
23.07	3.91
23.1	3.98
23.12	3.96
23.15	4.01
23.17	3.94
23.19	3.98
23.22	3.92
23.24	3.95
23.27	3.92
23.29	3.94
23.32	3.88
23.34	3.93
23.36	3.92
23.39	3.98
23.41	3.95
23.44	3.97
23.46	3.97
23.49	4.03
23.51	4.02
23.54	4.04
23.56	3.99
23.58	4.05
23.61	4.04
23.63	4.05
23.66	4.04
23.68	4.05
23.71	4.03
23.73	4.06
23.76	4.02
23.78	4.05
23.8	4.07
23.83	4.08
23.85	4.07
23.88	4.11
23.9	4.09
23.93	4.12
23.95	4.08
23.98	4.06
24	4.04
24.02	4.04
24.05	4.02
24.07	4.02
24.1	4
24.12	4.03
24.15	4.04
24.17	4.02
24.2	4.03
24.22	4.01
24.24	4.01
24.27	4.02
24.29	4.01
24.32	3.97
24.34	3.96
24.37	3.93
24.39	3.96
24.42	3.94
24.44	3.97
24.46	3.94
24.49	3.96
24.51	3.94
24.54	4.02
24.56	3.99
24.59	4.04
24.61	3.97
24.63	4.01
24.66	4
24.68	4.05
24.71	3.96
24.73	4.01
24.76	3.91
24.78	3.97
24.81	3.92
24.83	3.95
24.85	3.9
24.88	3.94
24.9	3.88
24.93	3.99
24.95	3.96
24.98	4.01
25	3.97
25.03	4
25.05	4.01
25.07	4.07
25.1	4.03
25.12	4.07
25.15	4.05
25.17	4.09
25.2	4.11
25.22	4.14
25.25	4.11
25.27	4.15
25.29	4.12
25.32	4.16
25.34	4.14
25.37	4.14
25.39	4.15
25.42	4.15
25.44	4.12
25.47	4.18
25.49	4.16
25.51	4.2
25.54	4.21
25.56	4.22
25.59	4.23
25.61	4.29
25.64	4.25
25.66	4.32
25.68	4.32
25.71	4.37
25.73	4.37
25.76	4.37
25.78	4.36
25.81	4.4
25.83	4.39
25.86	4.41
25.88	4.37
25.9	4.39
25.93	4.44
25.95	4.48
25.98	4.51
26	4.52
26.03	4.55
26.05	4.58
26.08	4.64
26.1	4.66
26.12	4.7
26.15	4.69
26.17	4.72
26.2	4.71
26.22	4.79
26.25	4.78
26.27	4.83
26.3	4.8
26.32	4.86
26.34	4.87
26.37	4.96
26.39	4.96
26.42	5.01
26.44	4.98
26.47	5.09
26.49	5.08
26.52	5.15
26.54	5.11
26.56	5.16
26.59	5.15
26.61	5.24
26.64	5.22
26.66	5.27
26.69	5.26
26.71	5.31
26.73	5.31
26.76	5.39
26.78	5.39
26.81	5.45
26.83	5.45
26.86	5.51
26.88	5.53
26.91	5.59
26.93	5.57
26.95	5.63
26.98	5.61
27	5.66
27.03	5.69
27.05	5.76
27.08	5.76
27.1	5.82
27.13	5.83
27.15	5.89
27.17	5.9
27.2	5.95
27.22	5.92
27.25	5.97
27.27	5.97
27.3	5.98
27.32	5.98
27.35	6.01
27.37	6
27.39	6.08
27.42	6.08
27.44	6.12
27.47	6.12
27.49	6.18
27.52	6.2
27.54	6.2
27.57	6.18
27.59	6.19
27.61	6.2
27.64	6.24
27.66	6.26
27.69	6.24
27.71	6.24
27.74	6.25
27.76	6.29
27.78	6.31
27.81	6.33
27.83	6.27
27.86	6.33
27.88	6.31
27.91	6.38
27.93	6.35
27.96	6.38
27.98	6.3
28	6.36
28.03	6.32
28.05	6.39
28.08	6.31
28.1	6.34
28.13	6.3
28.15	6.37
28.18	6.33
28.2	6.38
28.22	6.29
28.25	6.35
28.27	6.31
28.3	6.35
28.32	6.3
28.35	6.34
28.37	6.25
28.4	6.32
28.42	6.27
28.44	6.31
28.47	6.27
28.49	6.28
28.52	6.25
28.54	6.3
28.57	6.26
28.59	6.31
28.62	6.26
28.64	6.26
28.66	6.23
28.69	6.25
28.71	6.21
28.74	6.2
28.76	6.16
28.79	6.17
28.81	6.12
28.84	6.14
28.86	6.13
28.88	6.15
28.91	6.14
28.93	6.16
28.96	6.13
28.98	6.17
29.01	6.16
29.03	6.14
29.05	6.11
29.08	6.12
29.1	6.08
29.13	6.12
29.15	6.08
29.18	6.07
29.2	6.07
29.23	6.09
29.25	6.06
29.27	6.06
29.3	6.05
29.32	6.08
29.35	6.09
29.37	6.06
29.4	6.05
29.42	6.03
29.45	6.06
29.47	6.06
29.49	6.06
29.52	6.03
29.54	6.03
29.57	6.01
29.59	6.1
29.62	6.07
29.64	6.11
29.67	6.05
29.69	6.08
29.71	6.07
29.74	6.13
29.76	6.05
29.79	6.12
29.81	6.04
29.84	6.12
29.86	6.12
29.89	6.16
29.91	6.1
29.93	6.17
29.96	6.1
29.98	6.2
30.01	6.16
30.03	6.19
30.06	6.17
30.08	6.22
30.1	6.21
30.13	6.28
30.15	6.24
30.18	6.28
30.2	6.24
30.23	6.3
30.25	6.33
30.28	6.36
30.3	6.33
30.32	6.4
30.35	6.39
30.37	6.48
30.4	6.49
30.42	6.52
30.45	6.54
30.47	6.6
30.5	6.6
30.52	6.67
30.54	6.68
30.57	6.73
30.59	6.79
30.62	6.82
30.64	6.82
30.67	6.89
30.69	6.88
30.72	6.94
30.74	6.94
30.76	6.96
30.79	6.99
30.81	7.05
30.84	7.05
30.86	7.11
30.89	7.14
30.91	7.2
30.94	7.2
30.96	7.25
30.98	7.31
31.01	7.35
31.03	7.4
31.06	7.45
31.08	7.47
31.11	7.51
31.13	7.58
31.15	7.61
31.18	7.69
31.2	7.7
31.23	7.73
31.25	7.76
31.28	7.87
31.3	7.89
31.33	7.99
31.35	7.97
31.37	8.07
31.4	8.08
31.42	8.2
31.45	8.18
31.47	8.26
31.5	8.23
31.52	8.33
31.55	8.32
31.57	8.45
31.59	8.41
31.62	8.5
31.64	8.49
31.67	8.6
31.69	8.6
31.72	8.69
31.74	8.64
31.77	8.73
31.79	8.74
31.81	8.85
31.84	8.85
31.86	8.92
31.89	8.92
31.91	9.02
31.94	9.04
31.96	9.12
31.99	9.1
32.01	9.13
32.03	9.15
32.06	9.22
32.08	9.24
32.11	9.28
32.13	9.26
32.16	9.32
32.18	9.33
32.2	9.38
32.23	9.38
32.25	9.42
32.28	9.41
32.3	9.46
32.33	9.46
32.35	9.49
32.38	9.51
32.4	9.56
32.42	9.56
32.45	9.62
32.47	9.6
32.5	9.64
32.52	9.65
32.55	9.66
32.57	9.65
32.6	9.67
32.62	9.66
32.64	9.67
32.67	9.67
32.69	9.69
32.72	9.7
32.74	9.67
32.77	9.67
32.79	9.67
32.82	9.69
32.84	9.69
32.86	9.7
32.89	9.65
32.91	9.67
32.94	9.63
32.96	9.66
32.99	9.63
33.01	9.63
33.04	9.54
33.06	9.57
33.08	9.52
33.11	9.57
33.13	9.5
33.16	9.51
33.18	9.44
33.21	9.49
33.23	9.43
33.26	9.48
33.28	9.4
33.3	9.43
33.33	9.36
33.35	9.41
33.38	9.36
33.4	9.38
33.43	9.29
33.45	9.32
33.47	9.25
33.5	9.28
33.52	9.24
33.55	9.26
33.57	9.19
33.6	9.21
33.62	9.17
33.65	9.2
33.67	9.15
33.69	9.13
33.72	9.07
33.74	9.1
33.77	9.07
33.79	9.07
33.82	9.02
33.84	9.02
33.87	8.99
33.89	9.01
33.91	8.97
33.94	8.98
33.96	8.95
33.99	8.99
34.01	8.96
34.04	8.98
34.06	8.94
34.09	8.95
34.11	8.9
34.13	8.92
34.16	8.86
34.18	8.87
34.21	8.84
34.23	8.85
34.26	8.86
34.28	8.86
34.31	8.82
34.33	8.82
34.35	8.82
34.38	8.83
34.4	8.86
34.43	8.8
34.45	8.8
34.48	8.79
34.5	8.82
34.52	8.82
34.55	8.84
34.57	8.81
34.6	8.85
34.62	8.84
34.65	8.91
34.67	8.91
34.7	8.96
34.72	8.92
34.74	8.97
34.77	8.96
34.79	9.06
34.82	9.04
34.84	9.1
34.87	9.07
34.89	9.14
34.92	9.12
34.94	9.19
34.96	9.13
34.99	9.21
35.01	9.2
35.04	9.3
35.06	9.29
35.09	9.37
35.11	9.38
35.14	9.49
35.16	9.48
35.18	9.55
35.21	9.52
35.23	9.59
35.26	9.6
35.28	9.65
35.31	9.65
35.33	9.73
35.36	9.74
35.38	9.81
35.4	9.84
35.43	9.92
35.45	9.96
35.48	10.04
35.5	10.06
35.53	10.13
35.55	10.16
35.57	10.22
35.6	10.23
35.62	10.27
35.65	10.31
35.67	10.36
35.7	10.38
35.72	10.48
35.75	10.52
35.77	10.6
35.79	10.66
35.82	10.74
35.84	10.8
35.87	10.88
35.89	10.88
35.92	10.97
35.94	10.99
35.97	11.05
35.99	11.06
36.01	11.12
36.04	11.19
36.06	11.29
36.09	11.36
36.11	11.43
36.14	11.49
36.16	11.55
36.19	11.67
36.21	11.73
36.23	11.79
36.26	11.81
36.28	11.88
36.31	11.91
36.33	12.03
36.36	12.03
36.38	12.12
36.41	12.12
36.43	12.23
36.45	12.28
36.48	12.42
36.5	12.42
36.53	12.5
36.55	12.5
36.58	12.66
36.6	12.65
36.62	12.74
36.65	12.73
36.67	12.8
36.7	12.8
36.72	12.91
36.75	12.87
36.77	12.97
36.8	12.95
36.82	13.05
36.84	13.07
36.87	13.16
36.89	13.15
36.92	13.26
36.94	13.27
36.97	13.34
36.99	13.36
37.02	13.42
37.04	13.41
37.06	13.46
37.09	13.44
37.11	13.51
37.14	13.51
37.16	13.54
37.19	13.55
37.21	13.62
37.24	13.62
37.26	13.67
37.28	13.68
37.31	13.76
37.33	13.77
37.36	13.81
37.38	13.81
37.41	13.83
37.43	13.82
37.46	13.85
37.48	13.82
37.5	13.86
37.53	13.84
37.55	13.85
37.58	13.86
37.6	13.86
37.63	13.86
37.65	13.89
37.68	13.85
37.7	13.85
37.72	13.82
37.75	13.83
37.77	13.84
37.8	13.79
37.82	13.74
37.85	13.7
37.87	13.69
37.89	13.68
37.92	13.66
37.94	13.6
37.97	13.61
37.99	13.55
38.02	13.58
38.04	13.56
38.07	13.58
38.09	13.47
38.11	13.47
38.14	13.38
38.16	13.42
38.19	13.34
38.21	13.32
38.24	13.21
38.26	13.24
38.29	13.18
38.31	13.21
38.33	13.1
38.36	13.1
38.38	13.03
38.41	13.08
38.43	13
38.46	13.01
38.48	12.91
38.51	12.91
38.53	12.84
38.55	12.81
38.58	12.72
38.6	12.7
38.63	12.6
38.65	12.6
38.68	12.57
38.7	12.58
38.73	12.53
38.75	12.51
38.77	12.5
38.8	12.53
38.82	12.5
38.85	12.5
38.87	12.43
38.9	12.44
38.92	12.43
38.94	12.43
38.97	12.41
38.99	12.41
39.02	12.38
39.04	12.43
39.07	12.39
39.09	12.41
39.12	12.39
39.14	12.39
39.16	12.37
39.19	12.39
39.21	12.36
39.24	12.39
39.26	12.37
39.29	12.38
39.31	12.39
39.34	12.38
39.36	12.37
39.38	12.38
39.41	12.41
39.43	12.43
39.46	12.47
39.48	12.46
39.51	12.5
39.53	12.5
39.56	12.55
39.58	12.55
39.6	12.59
39.63	12.52
39.65	12.59
39.68	12.57
39.7	12.71
39.73	12.69
39.75	12.78
39.78	12.73
39.8	12.85
39.82	12.8
39.85	12.95
39.87	12.89
39.9	12.99
39.92	12.93
39.95	13.08
39.97	13.05
39.99	13.19
40.02	13.12
40.04	13.23
40.07	13.2
40.09	13.34
40.12	13.32
40.14	13.44
40.17	13.43
40.19	13.55
40.21	13.55
40.24	13.72
40.26	13.73
40.29	13.83
40.31	13.84
40.34	13.95
40.36	14
40.39	14.12
40.41	14.12
40.43	14.19
40.46	14.21
40.48	14.32
40.51	14.37
40.53	14.45
40.56	14.47
40.58	14.57
40.61	14.62
40.63	14.74
40.65	14.79
40.68	14.9
40.7	14.96
40.73	15.09
40.75	15.12
40.78	15.23
40.8	15.27
40.83	15.35
40.85	15.39
40.87	15.49
40.9	15.54
40.92	15.63
40.95	15.69
40.97	15.85
41	15.93
41.02	16.03
41.05	16.07
41.07	16.13
41.09	16.23
41.12	16.31
41.14	16.37
41.17	16.39
41.19	16.46
41.22	16.52
41.24	16.66
41.26	16.73
41.29	16.82
41.31	16.83
41.34	16.97
41.36	16.98
41.39	17.17
41.41	17.17
41.44	17.31
41.46	17.29
41.48	17.43
41.51	17.42
41.53	17.59
41.56	17.53
41.58	17.64
41.61	17.61
41.63	17.82
41.66	17.84
41.68	17.98
41.7	17.97
41.73	18.11
41.75	18.12
41.78	18.27
41.8	18.23
41.83	18.32
41.85	18.3
41.88	18.41
41.9	18.42
41.92	18.51
41.95	18.49
41.97	18.56
42	18.56
42.02	18.66
42.05	18.68
42.07	18.74
42.1	18.72
42.12	18.79
42.14	18.78
42.17	18.85
42.19	18.83
42.22	18.88
42.24	18.88
42.27	18.9
42.29	18.85
42.31	18.91
42.34	18.88
42.36	18.93
42.39	18.91
42.41	18.93
42.44	18.95
42.46	18.98
42.49	18.97
42.51	18.99
42.53	18.95
42.56	18.98
42.58	18.95
42.61	18.92
42.63	18.91
42.66	18.91
42.68	18.87
42.71	18.86
42.73	18.81
42.75	18.78
42.78	18.77
42.8	18.76
42.83	18.74
42.85	18.69
42.88	18.64
42.9	18.58
42.93	18.59
42.95	18.52
42.97	18.51
43	18.36
43.02	18.35
43.05	18.24
43.07	18.29
43.1	18.17
43.12	18.17
43.15	18.01
43.17	18.07
43.19	17.94
43.22	18
43.24	17.84
43.27	17.84
43.29	17.72
43.32	17.78
43.34	17.67
43.36	17.69
43.39	17.53
43.41	17.53
43.44	17.44
43.46	17.48
43.49	17.35
43.51	17.35
43.54	17.24
43.56	17.28
43.58	17.2
43.61	17.2
43.63	17.09
43.66	17.07
43.68	17
43.71	17.04
43.73	16.95
43.76	16.96
43.78	16.88
43.8	16.9
43.83	16.86
43.85	16.87
43.88	16.8
43.9	16.81
43.93	16.77
43.95	16.8
43.98	16.73
44	16.75
44.02	16.73
44.05	16.77
44.07	16.74
44.1	16.77
44.12	16.73
44.15	16.76
44.17	16.76
44.2	16.77
44.22	16.74
44.24	16.8
44.27	16.77
44.29	16.79
44.32	16.79
44.34	16.82
44.37	16.84
44.39	16.85
44.41	16.83
44.44	16.86
44.46	16.89
44.49	16.95
44.51	16.99
44.54	16.98
44.56	17.01
44.59	17.01
44.61	17.08
44.63	17.12
44.66	17.17
44.68	17.12
44.71	17.21
44.73	17.19
44.76	17.34
44.78	17.33
44.81	17.43
44.83	17.39
44.85	17.52
44.88	17.53
44.9	17.7
44.93	17.65
44.95	17.77
44.98	17.71
45	17.87
45.03	17.87
45.05	17.99
45.07	17.93
45.1	18.06
45.12	18.04
45.15	18.22
45.17	18.23
45.2	18.35
45.22	18.38
45.25	18.53
45.27	18.58
45.29	18.74
45.32	18.75
45.34	18.84
45.37	18.86
45.39	18.98
45.42	19.04
45.44	19.15
45.47	19.16
45.49	19.3
45.51	19.38
45.54	19.54
45.56	19.62
45.59	19.72
45.61	19.79
45.64	19.95
45.66	20
45.68	20.11
45.71	20.16
45.73	20.26
45.76	20.34
45.78	20.45
45.81	20.49
45.83	20.62
45.86	20.69
45.88	20.8
45.9	20.93
45.93	21.05
45.95	21.14
45.98	21.23
46	21.3
46.03	21.44
46.05	21.55
46.08	21.57
46.1	21.65
46.12	21.72
46.15	21.83
46.17	21.94
46.2	22.04
46.22	22.07
46.25	22.18
46.27	22.23
46.3	22.41
46.32	22.46
46.34	22.6
46.37	22.6
46.39	22.73
46.42	22.77
46.44	22.97
46.47	22.97
46.49	23.15
46.52	23.12
46.54	23.29
46.56	23.32
46.59	23.49
46.61	23.47
46.64	23.64
46.66	23.61
46.69	23.79
46.71	23.82
46.73	23.96
46.76	23.92
46.78	24.03
46.81	24
46.83	24.16
46.86	24.13
46.88	24.22
46.91	24.19
46.93	24.33
46.95	24.37
46.98	24.47
47	24.43
47.03	24.51
47.05	24.49
47.08	24.63
47.1	24.65
47.13	24.69
47.15	24.69
47.17	24.79
47.2	24.79
47.22	24.88
47.25	24.86
47.27	24.88
47.3	24.88
47.32	24.89
47.35	24.85
47.37	24.91
47.39	24.87
47.42	24.91
47.44	24.91
47.47	24.91
47.49	24.89
47.52	24.91
47.54	24.82
47.57	24.82
47.59	24.74
47.61	24.7
47.64	24.65
47.66	24.59
47.69	24.55
47.71	24.52
47.74	24.46
47.76	24.39
47.78	24.33
47.81	24.26
47.83	24.24
47.86	24.17
47.88	24.16
47.91	24.05
47.93	24.02
47.96	23.94
47.98	23.95
48	23.84
48.03	23.81
48.05	23.63
48.08	23.61
48.1	23.5
48.13	23.53
48.15	23.39
48.18	23.39
48.2	23.22
48.22	23.26
48.25	23.12
48.27	23.12
48.3	22.94
48.32	22.89
48.35	22.76
48.37	22.79
48.4	22.62
48.42	22.62
48.44	22.45
48.47	22.45
48.49	22.36
48.52	22.36
48.54	22.23
48.57	22.25
48.59	22.14
48.62	22.14
48.64	22.06
48.66	22.05
48.69	21.96
48.71	21.94
48.74	21.85
48.76	21.89
48.79	21.84
48.81	21.85
48.84	21.78
48.86	21.78
48.88	21.75
48.91	21.78
48.93	21.67
48.96	21.69
48.98	21.63
49.01	21.66
49.03	21.59
49.05	21.6
49.08	21.55
49.1	21.64
49.13	21.6
49.15	21.64
49.18	21.62
49.2	21.68
49.23	21.67
49.25	21.71
49.27	21.68
49.3	21.75
49.32	21.73
49.35	21.77
49.37	21.74
49.4	21.8
49.42	21.84
49.45	21.89
49.47	21.89
49.49	21.95
49.52	21.96
49.54	22.04
49.57	22.04
49.59	22.05
49.62	22.08
49.64	22.12
49.67	22.15
49.69	22.21
49.71	22.26
49.74	22.36
49.76	22.46
49.79	22.48
49.81	22.55
49.84	22.59
49.86	22.68
49.89	22.75
49.91	22.83
49.93	22.82
49.96	22.92
49.98	22.96
50.01	23.11
50.03	23.15
50.06	23.29
50.08	23.28
50.1	23.42
50.13	23.45
50.15	23.65
50.18	23.68
50.2	23.82
50.23	23.78
50.25	23.96
50.28	24.02
50.3	24.2
50.32	24.18
50.35	24.35
50.37	24.37
50.4	24.58
50.42	24.64
50.45	24.79
50.47	24.79
50.5	24.97
50.52	25.02
50.54	25.22
50.57	25.27
50.59	25.41
50.62	25.47
50.64	25.66
50.67	25.75
50.69	25.9
50.72	25.96
50.74	26.11
50.76	26.19
50.79	26.39
50.81	26.47
50.84	26.6
50.86	26.68
50.89	26.85
50.91	26.92
50.94	27.07
50.96	27.14
50.98	27.27
51.01	27.35
51.03	27.49
51.06	27.53
51.08	27.7
51.11	27.77
51.13	27.93
51.15	28.04
51.18	28.2
51.2	28.27
51.23	28.43
51.25	28.5
51.28	28.65
51.3	28.75
51.33	28.85
51.35	28.92
51.37	29.03
51.4	29.14
51.42	29.28
51.45	29.39
51.47	29.46
51.5	29.57
51.52	29.65
51.55	29.81
51.57	29.89
51.59	30
51.62	30.05
51.64	30.17
51.67	30.2
51.69	30.36
51.72	30.39
51.74	30.56
51.77	30.53
51.79	30.66
51.81	30.67
51.84	30.85
51.86	30.84
51.89	30.98
51.91	30.92
51.94	31.08
51.96	31.05
51.99	31.19
52.01	31.15
52.03	31.25
52.06	31.22
52.08	31.34
52.11	31.33
52.13	31.41
52.16	31.36
52.18	31.43
52.2	31.4
52.23	31.44
52.25	31.39
52.28	31.4
52.3	31.34
52.33	31.39
52.35	31.37
52.38	31.4
52.4	31.36
52.42	31.36
52.45	31.31
52.47	31.34
52.5	31.31
52.52	31.26
52.55	31.19
52.57	31.14
52.6	31.06
52.62	31.05
52.64	30.98
52.67	30.91
52.69	30.86
52.72	30.81
52.74	30.74
52.77	30.7
52.79	30.6
52.82	30.53
52.84	30.44
52.86	30.38
52.89	30.25
52.91	30.16
52.94	30.05
52.96	29.96
52.99	29.88
53.01	29.81
53.04	29.7
53.06	29.61
53.08	29.57
53.11	29.5
53.13	29.43
53.16	29.29
53.18	29.18
53.21	29.04
53.23	28.97
53.26	28.81
53.28	28.74
53.3	28.55
53.33	28.48
53.35	28.37
53.38	28.39
53.4	28.3
53.43	28.3
53.45	28.11
53.47	28.14
53.5	28.03
53.52	28.03
53.55	27.86
53.57	27.81
53.6	27.63
53.62	27.7
53.65	27.56
53.67	27.56
53.69	27.39
53.72	27.42
53.74	27.32
53.77	27.4
53.79	27.27
53.82	27.31
53.84	27.2
53.87	27.24
53.89	27.17
53.91	27.18
53.94	27.06
53.96	27.07
53.99	26.98
54.01	27.05
54.04	27
54.06	27.02
54.09	27
54.11	27.09
54.13	27.06
54.16	27.13
54.18	27.12
54.21	27.17
54.23	27.16
54.26	27.2
54.28	27.17
54.31	27.26
54.33	27.24
54.35	27.3
54.38	27.32
54.4	27.38
54.43	27.37
54.45	27.44
54.48	27.44
54.5	27.52
54.52	27.56
54.55	27.65
54.57	27.69
54.6	27.77
54.62	27.81
54.65	27.9
54.67	27.97
54.7	28.03
54.72	28.03
54.74	28.09
54.77	28.16
54.79	28.26
54.82	28.38
54.84	28.4
54.87	28.47
54.89	28.55
54.92	28.71
54.94	28.8
54.96	28.94
54.99	28.93
55.01	29.1
55.04	29.14
55.06	29.33
55.09	29.36
55.11	29.53
55.14	29.51
55.16	29.69
55.18	29.72
55.21	29.95
55.23	29.95
55.26	30.13
55.28	30.2
55.31	30.45
55.33	30.52
55.36	30.73
55.38	30.75
55.4	30.96
55.43	31.03
55.45	31.16
55.48	31.18
55.5	31.33
55.53	31.36
55.55	31.57
55.57	31.67
55.6	31.85
55.62	31.94
55.65	32.13
55.67	32.25
55.7	32.49
55.72	32.6
55.75	32.78
55.77	32.86
55.79	33.03
55.82	33.13
55.84	33.28
55.87	33.37
55.89	33.51
55.92	33.62
55.94	33.79
55.97	33.9
55.99	34.09
56.01	34.22
56.04	34.41
56.06	34.55
56.09	34.71
56.11	34.85
56.14	35.01
56.16	35.11
56.19	35.26
56.21	35.38
56.23	35.5
56.26	35.59
56.28	35.7
56.31	35.84
56.33	35.99
56.36	36.14
56.38	36.25
56.41	36.39
56.43	36.53
56.45	36.71
56.48	36.83
56.5	36.96
56.53	36.99
56.55	37.1
56.58	37.17
56.6	37.34
56.62	37.4
56.65	37.54
56.67	37.57
56.7	37.72
56.72	37.75
56.75	37.96
56.77	37.94
56.8	38.07
56.82	38.04
56.84	38.19
56.87	38.23
56.89	38.4
56.92	38.32
56.94	38.43
56.97	38.4
56.99	38.56
57.02	38.53
57.04	38.61
57.06	38.55
57.09	38.66
57.11	38.65
57.14	38.76
57.16	38.69
57.19	38.72
57.21	38.66
57.24	38.71
57.26	38.66
57.28	38.71
57.31	38.63
57.33	38.64
57.36	38.6
57.38	38.63
57.41	38.59
57.43	38.57
57.46	38.49
57.48	38.47
57.5	38.38
57.53	38.37
57.55	38.27
57.58	38.2
57.6	38.11
57.63	38.04
57.65	37.93
57.68	37.87
57.7	37.73
57.72	37.68
57.75	37.61
57.77	37.55
57.8	37.46
57.82	37.37
57.85	37.25
57.87	37.24
57.89	37.11
57.92	37
57.94	36.88
57.97	36.71
57.99	36.64
58.02	36.55
58.04	36.38
58.07	36.24
58.09	36.12
58.11	35.96
58.14	35.92
58.16	35.78
58.19	35.68
58.21	35.56
58.24	35.49
58.26	35.33
58.29	35.32
58.31	35.15
58.33	35.08
58.36	34.9
58.38	34.81
58.41	34.66
58.43	34.65
58.46	34.47
58.48	34.44
58.51	34.26
58.53	34.27
58.55	34.13
58.58	34.12
58.6	33.99
58.63	33.98
58.65	33.86
58.68	33.93
58.7	33.78
58.73	33.78
58.75	33.62
58.77	33.62
58.8	33.54
58.82	33.54
58.85	33.42
58.87	33.48
58.9	33.38
58.92	33.42
58.94	33.38
58.97	33.38
58.99	33.31
59.02	33.35
59.04	33.26
59.07	33.33
59.09	33.33
59.12	33.35
59.14	33.35
59.16	33.37
59.19	33.34
59.21	33.42
59.24	33.4
59.26	33.44
59.29	33.44
59.31	33.49
59.34	33.53
59.36	33.61
59.38	33.63
59.41	33.73
59.43	33.74
59.46	33.83
59.48	33.88
59.51	33.95
59.53	33.99
59.56	34.09
59.58	34.14
59.6	34.24
59.63	34.3
59.65	34.35
59.68	34.45
59.7	34.55
59.73	34.64
59.75	34.68
59.78	34.75
59.8	34.82
59.82	35
59.85	35.08
59.87	35.24
59.9	35.26
59.92	35.42
59.95	35.56
59.97	35.7
59.99	35.73
