U1	IA
0.02	0.34
0.04	0.42
0.07	0.52
0.09	0.57
0.12	0.66
0.14	0.63
0.17	0.65
0.19	0.62
0.21	0.62
0.24	0.58
0.26	0.64
0.29	0.66
0.31	0.7
0.34	0.69
0.36	0.67
0.39	0.67
0.41	0.68
0.43	0.66
0.46	0.66
0.48	0.65
0.51	0.63
0.53	0.65
0.56	0.67
0.58	0.69
0.61	0.67
0.63	0.67
0.65	0.68
0.68	0.69
0.7	0.68
0.73	0.67
0.75	0.64
0.78	0.67
0.8	0.66
0.83	0.65
0.85	0.64
0.87	0.63
0.9	0.6
0.92	0.63
0.95	0.58
0.97	0.57
1	0.52
1.02	0.55
1.05	0.56
1.07	0.61
1.09	0.55
1.12	0.6
1.14	0.55
1.17	0.62
1.19	0.58
1.22	0.62
1.24	0.54
1.26	0.6
1.29	0.52
1.31	0.62
1.34	0.55
1.36	0.61
1.39	0.51
1.41	0.59
1.44	0.53
1.46	0.65
1.48	0.54
1.51	0.6
1.53	0.54
1.56	0.65
1.58	0.61
1.61	0.64
1.63	0.53
1.66	0.62
1.68	0.57
1.7	0.65
1.73	0.58
1.75	0.62
1.78	0.58
1.8	0.67
1.83	0.64
1.85	0.73
1.88	0.67
1.9	0.66
1.92	0.63
1.95	0.67
1.97	0.65
2	0.66
2.02	0.59
2.05	0.59
2.07	0.57
2.1	0.56
2.12	0.56
2.14	0.54
2.17	0.54
2.19	0.54
2.22	0.54
2.24	0.57
2.27	0.59
2.29	0.59
2.31	0.6
2.34	0.6
2.36	0.58
2.39	0.62
2.41	0.64
2.44	0.61
2.46	0.61
2.49	0.62
2.51	0.62
2.53	0.63
2.56	0.63
2.58	0.61
2.61	0.63
2.63	0.61
2.66	0.6
2.68	0.57
2.71	0.6
2.73	0.59
2.75	0.64
2.78	0.59
2.8	0.62
2.83	0.55
2.85	0.61
2.88	0.6
2.9	0.61
2.93	0.52
2.95	0.59
2.97	0.51
3	0.65
3.02	0.57
3.05	0.62
3.07	0.53
3.1	0.63
3.12	0.58
3.15	0.68
3.17	0.58
3.19	0.65
3.22	0.57
3.24	0.71
3.27	0.65
3.29	0.69
3.32	0.62
3.34	0.68
3.36	0.63
3.39	0.73
3.41	0.66
3.44	0.68
3.46	0.63
3.49	0.68
3.51	0.67
3.54	0.68
3.56	0.6
3.58	0.6
3.61	0.56
3.63	0.59
3.66	0.57
3.68	0.56
3.71	0.55
3.73	0.58
3.76	0.56
3.78	0.58
3.8	0.57
3.83	0.57
3.85	0.59
3.88	0.61
3.9	0.6
3.93	0.61
3.95	0.64
3.98	0.68
4	0.7
4.02	0.69
4.05	0.7
4.07	0.7
4.1	0.69
4.12	0.68
4.15	0.65
4.17	0.61
4.2	0.61
4.22	0.58
4.24	0.58
4.27	0.61
4.29	0.61
4.32	0.58
4.34	0.61
4.37	0.56
4.39	0.6
4.42	0.61
4.44	0.66
4.46	0.6
4.49	0.63
4.51	0.58
4.54	0.65
4.56	0.57
4.59	0.64
4.61	0.54
4.63	0.6
4.66	0.57
4.68	0.66
4.71	0.6
4.73	0.68
4.76	0.51
4.78	0.62
4.81	0.56
4.83	0.59
4.85	0.49
4.88	0.54
4.9	0.46
4.93	0.56
4.95	0.48
4.98	0.56
5	0.47
5.03	0.55
5.05	0.51
5.07	0.57
5.1	0.52
5.12	0.57
5.15	0.53
5.17	0.61
5.2	0.62
5.22	0.64
5.25	0.62
5.27	0.66
5.29	0.62
5.32	0.68
5.34	0.69
5.37	0.7
5.39	0.69
5.42	0.67
5.44	0.68
5.47	0.68
5.49	0.64
5.51	0.67
5.54	0.65
5.56	0.63
5.59	0.64
5.61	0.63
5.64	0.65
5.66	0.66
5.68	0.63
5.71	0.62
5.73	0.66
5.76	0.67
5.78	0.69
5.81	0.67
5.83	0.67
5.86	0.67
5.88	0.69
5.9	0.65
5.93	0.66
5.95	0.62
5.98	0.68
6	0.62
6.03	0.6
6.05	0.58
6.08	0.62
6.1	0.62
6.12	0.68
6.15	0.58
6.17	0.66
6.2	0.63
6.22	0.71
6.25	0.65
6.27	0.68
6.3	0.56
6.32	0.65
6.34	0.59
6.37	0.69
6.39	0.59
6.42	0.65
6.44	0.57
6.47	0.69
6.49	0.62
6.52	0.69
6.54	0.56
6.56	0.63
6.59	0.59
6.61	0.65
6.64	0.58
6.66	0.64
6.69	0.54
6.71	0.64
6.73	0.6
6.76	0.64
6.78	0.63
6.81	0.68
6.83	0.63
6.86	0.7
6.88	0.68
6.91	0.74
6.93	0.72
6.95	0.7
6.98	0.66
7	0.7
7.03	0.67
7.05	0.69
7.08	0.66
7.1	0.64
7.13	0.62
7.15	0.64
7.17	0.65
7.2	0.68
7.22	0.65
7.25	0.67
7.27	0.68
7.3	0.72
7.32	0.72
7.35	0.7
7.37	0.69
7.39	0.7
7.42	0.68
7.44	0.66
7.47	0.65
7.49	0.63
7.52	0.67
7.54	0.65
7.57	0.63
7.59	0.6
7.61	0.63
7.64	0.65
7.66	0.71
7.69	0.65
7.71	0.68
7.74	0.61
7.76	0.7
7.78	0.66
7.81	0.7
7.83	0.61
7.86	0.65
7.88	0.61
7.91	0.73
7.93	0.68
7.96	0.76
7.98	0.67
8	0.77
8.03	0.72
8.05	0.82
8.08	0.72
8.1	0.74
8.13	0.66
8.15	0.75
8.18	0.69
8.2	0.73
8.22	0.61
8.25	0.7
8.27	0.67
8.3	0.75
8.32	0.68
8.35	0.7
8.37	0.69
8.4	0.78
8.42	0.76
8.44	0.81
8.47	0.75
8.49	0.76
8.52	0.74
8.54	0.77
8.57	0.74
8.59	0.76
8.62	0.74
8.64	0.76
8.66	0.77
8.69	0.8
8.71	0.82
8.74	0.83
8.76	0.83
8.79	0.81
8.81	0.78
8.84	0.79
8.86	0.79
8.88	0.76
8.91	0.76
8.93	0.71
8.96	0.7
8.98	0.72
9.01	0.7
9.03	0.69
9.05	0.69
9.08	0.69
9.1	0.75
9.13	0.74
9.15	0.77
9.18	0.77
9.2	0.78
9.23	0.78
9.25	0.79
9.27	0.72
9.3	0.78
9.32	0.78
9.35	0.84
9.37	0.81
9.4	0.85
9.42	0.79
9.45	0.91
9.47	0.87
9.49	0.9
9.52	0.82
9.54	0.87
9.57	0.79
9.59	0.91
9.62	0.8
9.64	0.89
9.67	0.78
9.69	0.88
9.71	0.82
9.74	0.94
9.76	0.84
9.79	0.88
9.81	0.81
9.84	0.95
9.86	0.89
9.89	0.96
9.91	0.86
9.93	0.91
9.96	0.87
9.98	0.94
10.01	0.86
10.03	0.9
10.06	0.83
10.08	0.86
10.1	0.85
10.13	0.9
10.15	0.83
10.18	0.87
10.2	0.83
10.23	0.87
10.25	0.87
10.28	0.88
10.3	0.88
10.32	0.88
10.35	0.83
10.37	0.84
10.4	0.85
10.42	0.86
10.45	0.86
10.47	0.86
10.5	0.89
10.52	0.89
10.54	0.91
10.57	0.95
10.59	0.95
10.62	0.96
10.64	0.97
10.67	0.95
10.69	0.97
10.72	0.96
10.74	0.97
10.76	0.97
10.79	0.93
10.81	0.9
10.84	0.93
10.86	0.95
10.89	0.98
10.91	0.94
10.94	0.94
10.96	0.94
10.98	0.99
11.01	0.97
11.03	1.02
11.06	0.96
11.08	0.98
11.11	0.96
11.13	1.04
11.15	0.97
11.18	1.06
11.2	0.95
11.23	1.01
11.25	0.95
11.28	1.04
11.3	0.96
11.33	1.03
11.35	0.91
11.37	1.02
11.4	0.96
11.42	1.01
11.45	0.89
11.47	0.93
11.5	0.9
11.52	0.99
11.55	0.91
11.57	0.97
11.59	0.92
11.62	1.02
11.64	0.98
11.67	1.03
11.69	0.98
11.72	1.02
11.74	0.98
11.77	1.04
11.79	1.04
11.81	1.08
11.84	1.06
11.86	1.08
11.89	1.06
11.91	1.09
11.94	1.11
11.96	1.14
11.99	1.12
12.01	1.13
12.03	1.17
12.06	1.19
12.08	1.21
12.11	1.23
12.13	1.19
12.16	1.21
12.18	1.21
12.21	1.19
12.23	1.2
12.25	1.16
12.28	1.15
12.3	1.17
12.33	1.16
12.35	1.16
12.38	1.16
12.4	1.15
12.42	1.2
12.45	1.16
12.47	1.15
12.5	1.13
12.52	1.15
12.55	1.14
12.57	1.22
12.6	1.14
12.62	1.18
12.64	1.15
12.67	1.22
12.69	1.2
12.72	1.27
12.74	1.17
12.77	1.28
12.79	1.22
12.82	1.3
12.84	1.24
12.86	1.29
12.89	1.17
12.91	1.26
12.94	1.2
12.96	1.31
12.99	1.21
13.01	1.29
13.04	1.24
13.06	1.36
13.08	1.32
13.11	1.35
13.13	1.24
13.16	1.3
13.18	1.26
13.21	1.33
13.23	1.28
13.26	1.32
13.28	1.28
13.3	1.37
13.33	1.35
13.35	1.38
13.38	1.36
13.4	1.37
13.43	1.36
13.45	1.41
13.47	1.38
13.5	1.43
13.52	1.4
13.55	1.4
13.57	1.39
13.6	1.39
13.62	1.37
13.65	1.37
13.67	1.37
13.69	1.37
13.72	1.34
13.74	1.37
13.77	1.39
13.79	1.39
13.82	1.39
13.84	1.39
13.87	1.41
13.89	1.42
13.91	1.42
13.94	1.39
13.96	1.42
13.99	1.43
14.01	1.44
14.04	1.43
14.06	1.44
14.09	1.43
14.11	1.45
14.13	1.42
14.16	1.45
14.18	1.42
14.21	1.47
14.23	1.48
14.26	1.53
14.28	1.48
14.31	1.51
14.33	1.43
14.35	1.5
14.38	1.45
14.4	1.45
14.43	1.36
14.45	1.41
14.48	1.35
14.5	1.47
14.52	1.39
14.55	1.46
14.57	1.39
14.6	1.5
14.62	1.45
14.65	1.56
14.67	1.46
14.7	1.51
14.72	1.46
14.74	1.57
14.77	1.5
14.79	1.54
14.82	1.46
14.84	1.53
14.87	1.49
14.89	1.55
14.92	1.49
14.94	1.52
14.96	1.51
14.99	1.54
15.01	1.5
15.04	1.55
15.06	1.5
15.09	1.48
15.11	1.46
15.14	1.48
15.16	1.48
15.18	1.5
15.21	1.45
15.23	1.45
15.26	1.45
15.28	1.45
15.31	1.44
15.33	1.44
15.36	1.44
15.38	1.46
15.4	1.47
15.43	1.48
15.45	1.5
15.48	1.51
15.5	1.52
15.53	1.52
15.55	1.55
15.57	1.53
15.6	1.54
15.62	1.54
15.65	1.56
15.67	1.54
15.7	1.56
15.72	1.54
15.75	1.59
15.77	1.61
15.79	1.63
15.82	1.59
15.84	1.6
15.87	1.54
15.89	1.61
15.92	1.56
15.94	1.6
15.97	1.57
15.99	1.62
16.01	1.57
16.04	1.7
16.06	1.66
16.09	1.74
16.11	1.64
16.14	1.7
16.16	1.63
16.19	1.77
16.21	1.66
16.23	1.73
16.26	1.67
16.28	1.79
16.31	1.76
16.33	1.85
16.36	1.75
16.38	1.83
16.41	1.78
16.43	1.86
16.45	1.76
16.48	1.8
16.5	1.73
16.53	1.8
16.55	1.78
16.58	1.8
16.6	1.76
16.63	1.81
16.65	1.77
16.67	1.81
16.7	1.81
16.72	1.83
16.75	1.84
16.77	1.88
16.8	1.87
16.82	1.92
16.84	1.94
16.87	2
16.89	2.02
16.92	2.03
16.94	2.01
16.97	2.08
16.99	2.11
17.02	2.12
17.04	2.1
17.06	2.1
17.09	2.12
17.11	2.16
17.14	2.15
17.16	2.15
17.19	2.17
17.21	2.18
17.24	2.2
17.26	2.2
17.28	2.21
17.31	2.2
17.33	2.26
17.36	2.21
17.38	2.2
17.41	2.16
17.43	2.21
17.46	2.18
17.48	2.25
17.5	2.18
17.53	2.23
17.55	2.22
17.58	2.3
17.6	2.25
17.63	2.33
17.65	2.25
17.68	2.3
17.7	2.28
17.72	2.37
17.75	2.34
17.77	2.46
17.8	2.36
17.82	2.47
17.85	2.44
17.87	2.51
17.89	2.44
17.92	2.5
17.94	2.41
17.97	2.52
17.99	2.47
18.02	2.52
18.04	2.44
18.07	2.49
18.09	2.44
18.11	2.51
18.14	2.45
18.16	2.51
18.19	2.44
18.21	2.5
18.24	2.52
18.26	2.57
18.29	2.52
18.31	2.53
18.33	2.49
18.36	2.56
18.38	2.59
18.41	2.6
18.43	2.62
18.46	2.65
18.48	2.67
18.51	2.69
18.53	2.66
18.55	2.67
18.58	2.66
18.6	2.6
18.63	2.6
18.65	2.58
18.68	2.55
18.7	2.56
18.73	2.53
18.75	2.5
18.77	2.5
18.8	2.49
18.82	2.5
18.85	2.49
18.87	2.49
18.9	2.5
18.92	2.48
18.94	2.47
18.97	2.48
18.99	2.46
19.02	2.5
19.04	2.45
19.07	2.45
19.09	2.44
19.12	2.49
19.14	2.45
19.16	2.51
19.19	2.43
19.21	2.47
19.24	2.42
19.26	2.49
19.29	2.44
19.31	2.5
19.34	2.38
19.36	2.45
19.38	2.35
19.41	2.46
19.43	2.37
19.46	2.4
19.48	2.3
19.51	2.41
19.53	2.34
19.56	2.45
19.58	2.33
19.6	2.36
19.63	2.34
19.65	2.42
19.68	2.34
19.7	2.42
19.73	2.32
19.75	2.43
19.78	2.38
19.8	2.4
19.82	2.39
19.85	2.41
19.87	2.38
19.9	2.44
19.92	2.39
19.95	2.46
19.97	2.44
19.99	2.39
20.02	2.38
20.04	2.39
20.07	2.34
20.09	2.36
20.12	2.32
20.14	2.28
20.17	2.3
20.19	2.29
20.21	2.3
20.24	2.31
20.26	2.3
20.29	2.29
20.31	2.3
20.34	2.31
20.36	2.34
20.39	2.31
20.41	2.32
20.43	2.34
20.46	2.36
20.48	2.36
20.51	2.38
20.53	2.34
20.56	2.4
20.58	2.38
20.61	2.38
20.63	2.38
20.65	2.42
20.68	2.42
20.7	2.5
20.73	2.44
20.75	2.52
20.78	2.5
20.8	2.56
20.83	2.55
20.85	2.6
20.87	2.51
20.9	2.6
20.92	2.51
20.95	2.61
20.97	2.57
21	2.62
21.02	2.54
21.05	2.64
21.07	2.59
21.09	2.75
21.12	2.65
21.14	2.74
21.17	2.71
21.19	2.86
21.22	2.85
21.24	2.92
21.26	2.83
21.29	2.95
21.31	2.92
21.34	3.02
21.36	3.01
21.39	3.07
21.41	3.08
21.44	3.19
21.46	3.19
21.48	3.28
21.51	3.26
21.53	3.27
21.56	3.26
21.58	3.28
21.61	3.25
21.63	3.27
21.66	3.23
21.68	3.23
21.7	3.22
21.73	3.24
21.75	3.29
21.78	3.32
21.8	3.35
21.83	3.4
21.85	3.45
21.88	3.5
21.9	3.56
21.92	3.6
21.95	3.64
21.97	3.69
22	3.73
22.02	3.78
22.05	3.79
22.07	3.8
22.1	3.85
22.12	3.87
22.14	3.89
22.17	3.89
22.19	3.92
22.22	4.01
22.24	4.06
22.27	4.03
22.29	4.06
22.31	4.02
22.34	4.08
22.36	4.08
22.39	4.11
22.41	4.06
22.44	4.1
22.46	4.07
22.49	4.2
22.51	4.18
22.53	4.24
22.56	4.19
22.58	4.27
22.61	4.22
22.63	4.34
22.66	4.26
22.68	4.31
22.71	4.25
22.73	4.3
22.75	4.28
22.78	4.38
22.8	4.28
22.83	4.35
22.85	4.32
22.88	4.41
22.9	4.35
22.93	4.37
22.95	4.3
22.97	4.36
23	4.3
23.02	4.33
23.05	4.22
23.07	4.24
23.1	4.2
23.12	4.21
23.15	4.21
23.17	4.22
23.19	4.17
23.22	4.21
23.24	4.17
23.27	4.2
23.29	4.23
23.32	4.22
23.34	4.22
23.36	4.21
23.39	4.2
23.41	4.19
23.44	4.17
23.46	4.14
23.49	4.11
23.51	4.08
23.54	4.08
23.56	4.07
23.58	4.06
23.61	4.04
23.63	4.02
23.66	3.98
23.68	3.99
23.71	3.96
23.73	3.93
23.76	3.88
23.78	3.85
23.8	3.82
23.83	3.78
23.85	3.73
23.88	3.72
23.9	3.69
23.93	3.74
23.95	3.71
23.98	3.69
24	3.63
24.02	3.68
24.05	3.64
24.07	3.7
24.1	3.59
24.12	3.59
24.15	3.56
24.17	3.66
24.2	3.56
24.22	3.62
24.24	3.45
24.27	3.52
24.29	3.47
24.32	3.53
24.34	3.42
24.37	3.47
24.39	3.37
24.42	3.52
24.44	3.44
24.46	3.47
24.49	3.36
24.51	3.38
24.54	3.32
24.56	3.39
24.59	3.29
24.61	3.35
24.63	3.28
24.66	3.34
24.68	3.39
24.71	3.43
24.73	3.38
24.76	3.43
24.78	3.38
24.81	3.45
24.83	3.45
24.85	3.44
24.88	3.43
24.9	3.44
24.93	3.42
24.95	3.46
24.98	3.44
25	3.45
25.03	3.47
25.05	3.44
25.07	3.45
25.1	3.48
25.12	3.47
25.15	3.51
25.17	3.5
25.2	3.47
25.22	3.5
25.25	3.49
25.27	3.49
25.29	3.49
25.32	3.51
25.34	3.53
25.37	3.56
25.39	3.59
25.42	3.63
25.44	3.65
25.47	3.7
25.49	3.66
25.51	3.69
25.54	3.68
25.56	3.75
25.59	3.78
25.61	3.86
25.64	3.83
25.66	3.91
25.68	3.92
25.71	4
25.73	3.97
25.76	4.07
25.78	3.99
25.81	4.1
25.83	4.06
25.86	4.2
25.88	4.22
25.9	4.31
25.93	4.22
25.95	4.38
25.98	4.35
26	4.51
26.03	4.44
26.05	4.5
26.08	4.51
26.1	4.67
26.12	4.62
26.15	4.74
26.17	4.68
26.2	4.81
26.22	4.82
26.25	4.92
26.27	4.92
26.3	5.01
26.32	5.03
26.34	5.17
26.37	5.17
26.39	5.27
26.42	5.29
26.44	5.32
26.47	5.37
26.49	5.45
26.52	5.46
26.54	5.57
26.56	5.6
26.59	5.63
26.61	5.73
26.64	5.79
26.66	5.83
26.69	5.91
26.71	5.91
26.73	5.94
26.76	5.98
26.78	6.01
26.81	6.06
26.83	6.09
26.86	6.11
26.88	6.2
26.91	6.25
26.93	6.3
26.95	6.37
26.98	6.38
27	6.46
27.03	6.51
27.05	6.53
27.08	6.56
27.1	6.65
27.13	6.7
27.15	6.81
27.17	6.79
27.2	6.84
27.22	6.79
27.25	6.86
27.27	6.88
27.3	6.9
27.32	6.83
27.35	6.92
27.37	6.87
27.39	7.02
27.42	7.01
27.44	7.02
27.47	6.93
27.49	7
27.52	6.92
27.54	7.05
27.57	6.93
27.59	6.94
27.61	6.92
27.64	7.04
27.66	6.98
27.69	7.04
27.71	6.92
27.74	7
27.76	6.96
27.78	6.99
27.81	6.89
27.83	6.9
27.86	6.85
27.88	6.9
27.91	6.82
27.93	6.84
27.96	6.78
27.98	6.76
28	6.74
28.03	6.72
28.05	6.66
28.08	6.67
28.1	6.59
28.13	6.57
28.15	6.51
28.18	6.45
28.2	6.4
28.22	6.35
28.25	6.3
28.27	6.27
28.3	6.19
28.32	6.15
28.35	6.13
28.37	6.09
28.4	6.08
28.42	6.04
28.44	6
28.47	5.96
28.49	5.91
28.52	5.86
28.54	5.82
28.57	5.75
28.59	5.72
28.62	5.69
28.64	5.64
28.66	5.63
28.69	5.62
28.71	5.54
28.74	5.54
28.76	5.46
28.79	5.45
28.81	5.44
28.84	5.44
28.86	5.35
28.88	5.35
28.91	5.27
28.93	5.29
28.96	5.2
28.98	5.23
29.01	5.1
29.03	5.09
29.05	5.01
29.08	5.09
29.1	5
29.13	5.03
29.15	4.88
29.18	4.96
29.2	4.94
29.23	4.99
29.25	4.85
29.27	4.89
29.3	4.82
29.32	4.92
29.35	4.85
29.37	4.83
29.4	4.74
29.42	4.81
29.45	4.77
29.47	4.83
29.49	4.74
29.52	4.8
29.54	4.78
29.57	4.84
29.59	4.83
29.62	4.86
29.64	4.82
29.67	4.88
29.69	4.83
29.71	4.86
29.74	4.89
29.76	4.9
29.79	4.9
29.81	4.93
29.84	4.96
29.86	5.01
29.89	5.04
29.91	5.07
29.93	5.12
29.96	5.13
29.98	5.15
30.01	5.17
30.03	5.19
30.06	5.23
30.08	5.24
30.1	5.26
30.13	5.28
30.15	5.32
30.18	5.35
30.2	5.38
30.23	5.43
30.25	5.47
30.28	5.51
30.3	5.54
30.32	5.6
30.35	5.64
30.37	5.74
30.4	5.73
30.42	5.77
30.45	5.8
30.47	5.93
30.5	5.96
30.52	6.07
30.54	6.05
30.57	6.18
30.59	6.19
30.62	6.36
30.64	6.38
30.67	6.51
30.69	6.47
30.72	6.61
30.74	6.59
30.76	6.77
30.79	6.72
30.81	6.82
30.84	6.84
30.86	7.02
30.89	7.03
30.91	7.19
30.94	7.18
30.96	7.33
30.98	7.38
31.01	7.51
31.03	7.52
31.06	7.65
31.08	7.67
31.11	7.8
31.13	7.86
31.15	7.99
31.18	8.03
31.2	8.14
31.23	8.19
31.25	8.34
31.28	8.45
31.3	8.56
31.33	8.6
31.35	8.69
31.37	8.78
31.4	8.88
31.42	8.96
31.45	9.02
31.47	9.09
31.5	9.19
31.52	9.26
31.55	9.38
31.57	9.49
31.59	9.56
31.62	9.64
31.64	9.71
31.67	9.81
31.69	9.9
31.72	9.95
31.74	10.01
31.77	10.08
31.79	10.17
31.81	10.23
31.84	10.26
31.86	10.34
31.89	10.41
31.91	10.49
31.94	10.52
31.96	10.56
31.99	10.58
32.01	10.71
32.03	10.76
32.06	10.83
32.08	10.82
32.11	10.89
32.13	10.87
32.16	10.97
32.18	10.91
32.2	10.94
32.23	10.86
32.25	10.9
32.28	10.85
32.3	10.96
32.33	10.88
32.35	10.93
32.38	10.82
32.4	10.92
32.42	10.88
32.45	10.93
32.47	10.83
32.5	10.85
32.52	10.76
32.55	10.86
32.57	10.77
32.6	10.77
32.62	10.66
32.64	10.65
32.67	10.56
32.69	10.58
32.72	10.44
32.74	10.42
32.77	10.33
32.79	10.31
32.82	10.28
32.84	10.28
32.86	10.19
32.89	10.13
32.91	10.03
32.94	10
32.96	9.92
32.99	9.82
33.01	9.72
33.04	9.65
33.06	9.56
33.08	9.48
33.11	9.39
33.13	9.37
33.16	9.29
33.18	9.21
33.21	9.13
33.23	9.06
33.26	9.02
33.28	8.95
33.3	8.83
33.33	8.76
33.35	8.68
33.38	8.61
33.4	8.57
33.43	8.47
33.45	8.41
33.47	8.36
33.5	8.31
33.52	8.22
33.55	8.18
33.57	8.12
33.6	8.09
33.62	7.99
33.65	7.89
33.67	7.77
33.69	7.75
33.72	7.66
33.74	7.65
33.77	7.51
33.79	7.49
33.82	7.43
33.84	7.47
33.87	7.39
33.89	7.43
33.91	7.26
33.94	7.28
33.96	7.19
33.99	7.26
34.01	7.13
34.04	7.13
34.06	7.02
34.09	7.08
34.11	7.05
34.13	7.1
34.16	6.96
34.18	7.01
34.21	6.98
34.23	7.03
34.26	6.99
34.28	7.03
34.31	6.95
34.33	7.04
34.35	7.01
34.38	7.05
34.4	7.04
34.43	7.09
34.45	7.02
34.48	7.14
34.5	7.16
34.52	7.21
34.55	7.22
34.57	7.2
34.6	7.21
34.62	7.31
34.65	7.27
34.67	7.33
34.7	7.35
34.72	7.36
34.74	7.43
34.77	7.48
34.79	7.51
34.82	7.58
34.84	7.59
34.87	7.63
34.89	7.67
34.92	7.73
34.94	7.77
34.96	7.83
34.99	7.91
35.01	7.99
35.04	8.06
35.06	8.17
35.09	8.22
35.11	8.28
35.14	8.38
35.16	8.41
35.18	8.45
35.21	8.51
35.23	8.59
35.26	8.69
35.28	8.83
35.31	8.85
35.33	8.99
35.36	9.05
35.38	9.2
35.4	9.27
35.43	9.37
35.45	9.37
35.48	9.52
35.5	9.53
35.53	9.78
35.55	9.81
35.57	9.95
35.6	9.99
35.62	10.18
35.65	10.22
35.67	10.44
35.7	10.39
35.72	10.55
35.75	10.61
35.77	10.84
35.79	10.91
35.82	11.08
35.84	11.11
35.87	11.3
35.89	11.37
35.92	11.58
35.94	11.62
35.97	11.75
35.99	11.85
36.01	12.02
36.04	12.12
36.06	12.32
36.09	12.38
36.11	12.49
36.14	12.62
36.16	12.74
36.19	12.87
36.21	13.02
36.23	13.08
36.26	13.2
36.28	13.31
36.31	13.43
36.33	13.57
36.36	13.65
36.38	13.74
36.41	13.9
36.43	14
36.45	14.13
36.48	14.27
36.5	14.38
36.53	14.5
36.55	14.65
36.58	14.75
36.6	14.86
36.62	14.93
36.65	15.01
36.67	15.11
36.7	15.21
36.72	15.27
36.75	15.31
36.77	15.39
36.8	15.53
36.82	15.62
36.84	15.62
36.87	15.66
36.89	15.62
36.92	15.73
36.94	15.78
36.97	15.81
36.99	15.75
37.02	15.82
37.04	15.8
37.06	15.93
37.09	15.87
37.11	15.94
37.14	15.84
37.16	15.91
37.19	15.85
37.21	15.94
37.24	15.83
37.26	15.86
37.28	15.73
37.31	15.76
37.33	15.69
37.36	15.69
37.38	15.55
37.41	15.56
37.43	15.43
37.46	15.47
37.48	15.35
37.5	15.32
37.53	15.21
37.55	15.17
37.58	15.01
37.6	14.99
37.63	14.79
37.65	14.75
37.68	14.61
37.7	14.53
37.72	14.46
37.75	14.4
37.77	14.28
37.8	14.21
37.82	14.08
37.85	14.01
37.87	13.91
37.89	13.81
37.92	13.69
37.94	13.57
37.97	13.45
37.99	13.35
38.02	13.24
38.04	13.13
38.07	13.01
38.09	12.87
38.11	12.76
38.14	12.65
38.16	12.52
38.19	12.37
38.21	12.24
38.24	12.1
38.26	12.02
38.29	11.91
38.31	11.8
38.33	11.67
38.36	11.57
38.38	11.45
38.41	11.36
38.43	11.21
38.46	11.12
38.48	11.01
38.51	10.98
38.53	10.86
38.55	10.79
38.58	10.64
38.6	10.64
38.63	10.55
38.65	10.53
38.68	10.38
38.7	10.37
38.73	10.25
38.75	10.3
38.77	10.18
38.8	10.2
38.82	10.05
38.85	10.09
38.87	9.99
38.9	10.09
38.92	9.95
38.94	9.96
38.97	9.87
38.99	9.98
39.02	9.9
39.04	9.95
39.07	9.82
39.09	9.86
39.12	9.79
39.14	9.88
39.16	9.79
39.19	9.85
39.21	9.81
39.24	9.9
39.26	9.92
39.29	10
39.31	9.97
39.34	10.02
39.36	10.02
39.38	10.08
39.41	10.08
39.43	10.15
39.46	10.15
39.48	10.21
39.51	10.22
39.53	10.27
39.56	10.32
39.58	10.37
39.6	10.44
39.63	10.51
39.65	10.56
39.68	10.65
39.7	10.76
39.73	10.88
39.75	10.95
39.78	11.02
39.8	11.1
39.82	11.17
39.85	11.25
39.87	11.32
39.9	11.39
39.92	11.51
39.95	11.62
39.97	11.71
39.99	11.85
40.02	11.99
40.04	12.1
40.07	12.17
40.09	12.26
40.12	12.31
40.14	12.48
40.17	12.59
40.19	12.71
40.21	12.75
40.24	12.91
40.26	13
40.29	13.23
40.31	13.27
40.34	13.45
40.36	13.48
40.39	13.72
40.41	13.82
40.43	14.05
40.46	14.11
40.48	14.32
40.51	14.34
40.53	14.61
40.56	14.7
40.58	14.88
40.61	14.93
40.63	15.15
40.65	15.26
40.68	15.51
40.7	15.62
40.73	15.83
40.75	15.92
40.78	16.14
40.8	16.26
40.83	16.47
40.85	16.57
40.87	16.76
40.9	16.86
40.92	17.08
40.95	17.25
40.97	17.42
41	17.56
41.02	17.76
41.05	17.88
41.07	18.08
41.09	18.25
41.12	18.42
41.14	18.57
41.17	18.7
41.19	18.87
41.22	19.03
41.24	19.19
41.26	19.35
41.29	19.48
41.31	19.63
41.34	19.82
41.36	19.97
41.39	20.08
41.41	20.2
41.44	20.33
41.46	20.5
41.48	20.61
41.51	20.69
41.53	20.78
41.56	20.94
41.58	21.07
41.61	21.14
41.63	21.2
41.66	21.28
41.68	21.39
41.7	21.46
41.73	21.57
41.75	21.56
41.78	21.64
41.8	21.67
41.83	21.77
41.85	21.8
41.88	21.9
41.9	21.84
41.92	21.94
41.95	21.89
41.97	21.97
42	21.93
42.02	21.97
42.05	21.83
42.07	21.9
42.1	21.84
42.12	21.92
42.14	21.78
42.17	21.8
42.19	21.72
42.22	21.77
42.24	21.68
42.27	21.68
42.29	21.52
42.31	21.52
42.34	21.41
42.36	21.39
42.39	21.26
42.41	21.22
42.44	21.06
42.46	21.03
42.49	20.9
42.51	20.82
42.53	20.7
42.56	20.59
42.58	20.43
42.61	20.36
42.63	20.21
42.66	20.15
42.68	20.01
42.71	19.86
42.73	19.72
42.75	19.56
42.78	19.4
42.8	19.27
42.83	19.1
42.85	18.9
42.88	18.73
42.9	18.59
42.93	18.46
42.95	18.34
42.97	18.19
43	18.01
43.02	17.89
43.05	17.74
43.07	17.57
43.1	17.39
43.12	17.23
43.15	17.05
43.17	16.9
43.19	16.73
43.22	16.61
43.24	16.48
43.27	16.39
43.29	16.23
43.32	16.13
43.34	15.99
43.36	15.92
43.39	15.79
43.41	15.68
43.44	15.47
43.46	15.38
43.49	15.22
43.51	15.18
43.54	15.01
43.56	14.97
43.58	14.8
43.61	14.78
43.63	14.63
43.66	14.65
43.68	14.49
43.71	14.5
43.73	14.32
43.76	14.33
43.78	14.22
43.8	14.25
43.83	14.1
43.85	14.12
43.88	14.02
43.9	14.09
43.93	14.05
43.95	14.05
43.98	13.96
44	14.01
44.02	13.95
44.05	14.02
44.07	13.97
44.1	13.97
44.12	13.97
44.15	14.04
44.17	14.04
44.2	14.11
44.22	14.08
44.24	14.1
44.27	14.11
44.29	14.19
44.32	14.24
44.34	14.28
44.37	14.3
44.39	14.37
44.41	14.43
44.44	14.52
44.46	14.57
44.49	14.63
44.51	14.72
44.54	14.84
44.56	14.91
44.59	15.02
44.61	15.12
44.63	15.21
44.66	15.32
44.68	15.43
44.71	15.53
44.73	15.63
44.76	15.75
44.78	15.9
44.81	16.04
44.83	16.15
44.85	16.31
44.88	16.42
44.9	16.62
44.93	16.78
44.95	16.93
44.98	17.02
45	17.15
45.03	17.21
45.05	17.42
45.07	17.51
45.1	17.69
45.12	17.8
45.15	18.04
45.17	18.16
45.2	18.46
45.22	18.57
45.25	18.81
45.27	18.88
45.29	19.12
45.32	19.21
45.34	19.5
45.37	19.54
45.39	19.78
45.42	19.86
45.44	20.12
45.47	20.25
45.49	20.51
45.51	20.59
45.54	20.87
45.56	21.02
45.59	21.34
45.61	21.5
45.64	21.73
45.66	21.85
45.68	22.07
45.71	22.23
45.73	22.44
45.76	22.52
45.78	22.75
45.81	22.88
45.83	23.13
45.86	23.36
45.88	23.58
45.9	23.75
45.93	24.03
45.95	24.21
45.98	24.45
46	24.63
46.03	24.81
46.05	24.97
46.08	25.16
46.1	25.29
46.12	25.48
46.15	25.67
46.17	25.89
46.2	26.08
46.22	26.29
46.25	26.49
46.27	26.68
46.3	26.82
46.32	26.97
46.34	27.13
46.37	27.26
46.39	27.42
46.42	27.55
46.44	27.66
46.47	27.8
46.49	27.94
46.52	28.01
46.54	28.12
46.56	28.18
46.59	28.34
46.61	28.46
46.64	28.61
46.66	28.65
46.69	28.79
46.71	28.85
46.73	29.01
46.76	29
46.78	29.14
46.81	29.09
46.83	29.19
46.86	29.18
46.88	29.3
46.91	29.26
46.93	29.39
46.95	29.28
46.98	29.39
47	29.38
47.03	29.42
47.05	29.35
47.08	29.39
47.1	29.28
47.13	29.35
47.15	29.24
47.17	29.24
47.2	29.13
47.22	29.11
47.25	29
47.27	28.96
47.3	28.84
47.32	28.83
47.35	28.69
47.37	28.65
47.39	28.55
47.42	28.48
47.44	28.4
47.47	28.3
47.49	28.13
47.52	28.06
47.54	27.93
47.57	27.82
47.59	27.69
47.61	27.52
47.64	27.35
47.66	27.18
47.69	27
47.71	26.86
47.74	26.67
47.76	26.45
47.78	26.29
47.81	26.13
47.83	25.96
47.86	25.78
47.88	25.58
47.91	25.4
47.93	25.22
47.96	25.01
47.98	24.83
48	24.63
48.03	24.44
48.05	24.24
48.08	24.05
48.1	23.86
48.13	23.72
48.15	23.51
48.18	23.38
48.2	23.18
48.22	23.01
48.25	22.81
48.27	22.65
48.3	22.43
48.32	22.32
48.35	22.08
48.37	21.95
48.4	21.72
48.42	21.67
48.44	21.51
48.47	21.46
48.49	21.22
48.52	21.18
48.54	20.98
48.57	21.01
48.59	20.81
48.62	20.71
48.64	20.54
48.66	20.54
48.69	20.35
48.71	20.37
48.74	20.15
48.76	20.12
48.79	20.04
48.81	20.05
48.84	19.9
48.86	19.92
48.88	19.81
48.91	19.91
48.93	19.81
48.96	19.82
48.98	19.73
49.01	19.84
49.03	19.82
49.05	19.87
49.08	19.76
49.1	19.87
49.13	19.83
49.15	19.93
49.18	19.87
49.2	19.9
49.23	19.87
49.25	19.98
49.27	20
49.3	20.12
49.32	20.12
49.35	20.23
49.37	20.3
49.4	20.43
49.42	20.54
49.45	20.65
49.47	20.7
49.49	20.81
49.52	20.89
49.54	21.03
49.57	21.17
49.59	21.24
49.62	21.35
49.64	21.51
49.67	21.64
49.69	21.8
49.71	21.95
49.74	22.1
49.76	22.27
49.79	22.41
49.81	22.52
49.84	22.67
49.86	22.78
49.89	22.92
49.91	23.08
49.93	23.23
49.96	23.41
49.98	23.64
50.01	23.82
50.03	24.07
50.06	24.29
50.08	24.45
50.1	24.67
50.13	24.82
50.15	25.05
50.18	25.27
50.2	25.5
50.23	25.61
50.25	25.83
50.28	25.99
50.3	26.27
50.32	26.4
50.35	26.65
50.37	26.8
50.4	27.11
50.42	27.26
50.45	27.59
50.47	27.75
50.5	28.12
50.52	28.2
50.54	28.47
50.57	28.65
50.59	28.97
50.62	29.05
50.64	29.33
50.67	29.43
50.69	29.78
50.72	29.96
50.74	30.22
50.76	30.38
50.79	30.7
50.81	30.9
50.84	31.25
50.86	31.44
50.89	31.69
50.91	31.87
50.94	32.14
50.96	32.35
50.98	32.6
51.01	32.75
51.03	32.96
51.06	33.16
51.08	33.42
51.11	33.65
51.13	33.87
51.15	34.08
51.18	34.3
51.2	34.53
51.23	34.78
51.25	34.96
51.28	35.14
51.3	35.33
51.33	35.47
51.35	35.61
51.37	35.78
51.4	35.92
51.42	36.09
51.45	36.27
51.47	36.42
51.5	36.6
51.52	36.79
51.55	36.93
51.57	37.07
51.59	37.19
51.62	37.31
51.64	37.41
51.67	37.48
51.69	37.58
51.72	37.68
51.74	37.79
51.77	37.86
51.79	37.93
51.81	37.98
51.84	38.11
51.86	38.12
51.89	38.21
51.91	38.21
51.94	38.26
51.96	38.22
51.99	38.32
52.01	38.31
52.03	38.38
52.06	38.26
52.08	38.31
52.11	38.25
52.13	38.38
52.16	38.25
52.18	38.25
52.2	38.12
52.23	38.2
52.25	38.09
52.28	38.11
52.3	37.95
52.33	37.92
52.35	37.79
52.38	37.83
52.4	37.68
52.42	37.64
52.45	37.45
52.47	37.39
52.5	37.23
52.52	37.15
52.55	36.91
52.57	36.79
52.6	36.6
52.62	36.48
52.64	36.34
52.67	36.23
52.69	36.05
52.72	35.92
52.74	35.7
52.77	35.53
52.79	35.35
52.82	35.13
52.84	34.94
52.86	34.73
52.89	34.51
52.91	34.32
52.94	34.14
52.96	33.96
52.99	33.75
53.01	33.52
53.04	33.33
53.06	33.13
53.08	32.96
53.11	32.75
53.13	32.53
53.16	32.35
53.18	32.14
53.21	31.91
53.23	31.71
53.26	31.48
53.28	31.3
53.3	31.11
53.33	30.92
53.35	30.71
53.38	30.58
53.4	30.42
53.43	30.28
53.45	30.06
53.47	29.91
53.5	29.66
53.52	29.58
53.55	29.4
53.57	29.3
53.6	29.09
53.62	29
53.65	28.79
53.67	28.81
53.69	28.63
53.72	28.56
53.74	28.37
53.77	28.37
53.79	28.24
53.82	28.27
53.84	28.09
53.87	28.07
53.89	27.97
53.91	28.02
53.94	27.95
53.96	27.96
53.99	27.86
54.01	27.87
54.04	27.83
54.06	27.89
54.09	27.83
54.11	27.85
54.13	27.81
54.16	27.91
54.18	27.96
54.21	28.03
54.23	28.03
54.26	28.08
54.28	28.1
54.31	28.22
54.33	28.26
54.35	28.34
54.38	28.4
54.4	28.48
54.43	28.59
54.45	28.7
54.48	28.78
54.5	28.89
54.52	28.96
54.55	29.1
54.57	29.24
54.6	29.35
54.62	29.5
54.65	29.68
54.67	29.82
54.7	30.03
54.72	30.17
54.74	30.32
54.77	30.5
54.79	30.66
54.82	30.81
54.84	30.98
54.87	31.1
54.89	31.3
54.92	31.51
54.94	31.69
54.96	31.93
54.99	32.11
55.01	32.32
55.04	32.56
55.06	32.82
55.09	32.99
55.11	33.27
55.14	33.41
55.16	33.64
55.18	33.81
55.21	34.09
55.23	34.21
55.26	34.53
55.28	34.66
55.31	35
55.33	35.2
55.36	35.6
55.38	35.74
55.4	36.1
55.43	36.23
55.45	36.55
55.48	36.74
55.5	37.04
55.53	37.14
55.55	37.45
55.57	37.65
55.6	38.02
55.62	38.25
55.65	38.54
55.67	38.73
55.7	39.09
55.72	39.34
55.75	39.62
55.77	39.83
55.79	40.08
55.82	40.29
55.84	40.61
55.87	40.83
55.89	41.14
55.92	41.39
55.94	41.63
55.97	41.92
55.99	42.23
56.01	42.46
56.04	42.76
56.06	42.98
56.09	43.22
56.11	43.45
56.14	43.68
56.16	43.9
56.19	44.12
56.21	44.3
56.23	44.53
56.26	44.74
56.28	44.96
56.31	45.18
56.33	45.39
56.36	45.62
56.38	45.88
56.41	46.08
56.43	46.3
56.45	46.51
56.48	46.67
56.5	46.89
56.53	47.09
56.55	47.22
56.58	47.36
56.6	47.51
56.62	47.72
56.65	47.94
56.67	48.02
56.7	48.15
56.72	48.21
56.75	48.43
56.77	48.53
56.8	48.64
56.82	48.64
56.84	48.8
56.87	48.81
56.89	49.02
56.92	49.02
56.94	49.14
56.97	49.14
56.99	49.33
57.02	49.33
57.04	49.51
57.06	49.48
57.09	49.52
57.11	49.49
57.14	49.58
57.16	49.55
57.19	49.59
57.21	49.5
57.24	49.53
57.26	49.49
57.28	49.56
57.31	49.47
57.33	49.43
57.36	49.39
57.38	49.4
57.41	49.27
57.43	49.27
57.46	49.09
57.48	48.99
57.5	48.88
57.53	48.77
57.55	48.66
57.58	48.59
57.6	48.41
57.63	48.3
57.65	48.17
57.68	48.01
57.7	47.9
57.72	47.69
57.75	47.51
57.77	47.33
57.8	47.14
57.82	46.93
57.85	46.76
57.87	46.54
57.89	46.37
57.92	46.16
57.94	45.98
57.97	45.82
57.99	45.67
58.02	45.45
58.04	45.22
58.07	45
58.09	44.83
58.11	44.6
58.14	44.37
58.16	44.11
58.19	43.87
58.21	43.65
58.24	43.47
58.26	43.19
58.29	42.99
58.31	42.74
58.33	42.59
58.36	42.38
58.38	42.18
58.41	41.86
58.43	41.77
58.46	41.53
58.48	41.36
58.51	41.06
58.53	40.93
58.55	40.68
58.58	40.66
58.6	40.41
58.63	40.31
58.65	40.13
58.68	40.1
58.7	39.91
58.73	39.87
58.75	39.62
58.77	39.52
58.8	39.35
58.82	39.32
58.85	39.14
58.87	39.09
58.9	38.91
58.92	38.86
58.94	38.77
58.97	38.74
58.99	38.61
59.02	38.6
59.04	38.52
59.07	38.53
59.09	38.5
59.12	38.5
59.14	38.45
59.16	38.49
59.19	38.49
59.21	38.52
59.24	38.56
59.26	38.59
59.29	38.63
59.31	38.71
59.34	38.72
59.36	38.78
59.38	38.84
59.41	38.92
59.43	39
59.46	39.07
59.48	39.17
59.51	39.31
59.53	39.4
59.56	39.59
59.58	39.71
59.6	39.85
59.63	40.02
59.65	40.1
59.68	40.22
59.7	40.38
59.73	40.52
59.75	40.62
59.78	40.76
59.8	40.9
59.82	41.16
59.85	41.36
59.87	41.6
59.9	41.72
59.92	41.99
59.95	42.21
59.97	42.39
59.99	42.49
