U1	IA
0.02	0.38
0.04	0.4
0.07	0.43
0.09	0.45
0.12	0.47
0.14	0.46
0.17	0.45
0.19	0.45
0.21	0.44
0.24	0.43
0.26	0.45
0.29	0.45
0.31	0.45
0.34	0.45
0.36	0.45
0.39	0.47
0.41	0.47
0.43	0.45
0.46	0.45
0.48	0.44
0.51	0.44
0.53	0.44
0.56	0.41
0.58	0.42
0.61	0.42
0.63	0.43
0.65	0.45
0.68	0.45
0.7	0.45
0.73	0.49
0.75	0.48
0.78	0.49
0.8	0.47
0.83	0.48
0.85	0.47
0.87	0.48
0.9	0.44
0.92	0.45
0.95	0.44
0.97	0.45
1	0.45
1.02	0.46
1.05	0.46
1.07	0.47
1.09	0.46
1.12	0.5
1.14	0.49
1.17	0.47
1.19	0.47
1.22	0.47
1.24	0.45
1.26	0.46
1.29	0.43
1.31	0.45
1.34	0.43
1.36	0.43
1.39	0.44
1.41	0.46
1.44	0.45
1.46	0.48
1.48	0.46
1.51	0.48
1.53	0.48
1.56	0.49
1.58	0.47
1.61	0.49
1.63	0.45
1.66	0.46
1.68	0.43
1.7	0.44
1.73	0.45
1.75	0.46
1.78	0.45
1.8	0.47
1.83	0.46
1.85	0.5
1.88	0.49
1.9	0.47
1.92	0.47
1.95	0.45
1.97	0.45
2	0.46
2.02	0.44
2.05	0.45
2.07	0.44
2.1	0.44
2.12	0.47
2.14	0.46
2.17	0.46
2.19	0.48
2.22	0.47
2.24	0.47
2.27	0.49
2.29	0.49
2.31	0.49
2.34	0.48
2.36	0.47
2.39	0.48
2.41	0.48
2.44	0.45
2.46	0.46
2.49	0.45
2.51	0.46
2.53	0.45
2.56	0.45
2.58	0.47
2.61	0.48
2.63	0.46
2.66	0.48
2.68	0.45
2.71	0.47
2.73	0.46
2.75	0.45
2.78	0.44
2.8	0.44
2.83	0.43
2.85	0.46
2.88	0.45
2.9	0.46
2.93	0.46
2.95	0.47
2.97	0.47
3	0.48
3.02	0.47
3.05	0.48
3.07	0.47
3.1	0.47
3.12	0.46
3.15	0.45
3.17	0.44
3.19	0.45
3.22	0.44
3.24	0.46
3.27	0.44
3.29	0.46
3.32	0.48
3.34	0.49
3.36	0.48
3.39	0.49
3.41	0.46
3.44	0.46
3.46	0.45
3.49	0.43
3.51	0.43
3.54	0.43
3.56	0.42
3.58	0.45
3.61	0.44
3.63	0.45
3.66	0.47
3.68	0.48
3.71	0.49
3.73	0.48
3.76	0.47
3.78	0.47
3.8	0.47
3.83	0.45
3.85	0.45
3.88	0.43
3.9	0.43
3.93	0.44
3.95	0.45
3.98	0.45
4	0.46
4.02	0.44
4.05	0.49
4.07	0.48
4.1	0.48
4.12	0.47
4.15	0.47
4.17	0.46
4.2	0.46
4.22	0.43
4.24	0.45
4.27	0.44
4.29	0.44
4.32	0.45
4.34	0.45
4.37	0.45
4.39	0.48
4.42	0.46
4.44	0.48
4.46	0.48
4.49	0.48
4.51	0.47
4.54	0.48
4.56	0.45
4.59	0.47
4.61	0.44
4.63	0.45
4.66	0.45
4.68	0.45
4.71	0.44
4.73	0.45
4.76	0.43
4.78	0.47
4.81	0.47
4.83	0.48
4.85	0.47
4.88	0.45
4.9	0.44
4.93	0.45
4.95	0.43
4.98	0.43
5	0.41
5.03	0.42
5.05	0.44
5.07	0.45
5.1	0.44
5.12	0.46
5.15	0.46
5.17	0.47
5.2	0.48
5.22	0.47
5.25	0.47
5.27	0.47
5.29	0.45
5.32	0.46
5.34	0.45
5.37	0.45
5.39	0.46
5.42	0.46
5.44	0.47
5.47	0.47
5.49	0.46
5.51	0.49
5.54	0.48
5.56	0.47
5.59	0.47
5.61	0.44
5.64	0.45
5.66	0.45
5.68	0.44
5.71	0.43
5.73	0.43
5.76	0.42
5.78	0.45
5.81	0.44
5.83	0.43
5.86	0.44
5.88	0.44
5.9	0.45
5.93	0.47
5.95	0.46
5.98	0.48
6	0.48
6.03	0.47
6.05	0.48
6.08	0.46
6.1	0.45
6.12	0.45
6.15	0.43
6.17	0.45
6.2	0.44
6.22	0.44
6.25	0.47
6.27	0.48
6.3	0.47
6.32	0.48
6.34	0.44
6.37	0.46
6.39	0.45
6.42	0.44
6.44	0.42
6.47	0.42
6.49	0.42
6.52	0.46
6.54	0.44
6.56	0.44
6.59	0.44
6.61	0.45
6.64	0.46
6.66	0.46
6.69	0.44
6.71	0.45
6.73	0.45
6.76	0.46
6.78	0.47
6.81	0.45
6.83	0.44
6.86	0.45
6.88	0.46
6.91	0.46
6.93	0.47
6.95	0.45
6.98	0.5
7	0.5
7.03	0.49
7.05	0.49
7.08	0.48
7.1	0.47
7.13	0.48
7.15	0.45
7.17	0.46
7.2	0.45
7.22	0.45
7.25	0.46
7.27	0.47
7.3	0.47
7.32	0.48
7.35	0.47
7.37	0.5
7.39	0.49
7.42	0.5
7.44	0.49
7.47	0.49
7.49	0.48
7.52	0.5
7.54	0.46
7.57	0.47
7.59	0.46
7.61	0.46
7.64	0.46
7.66	0.46
7.69	0.43
7.71	0.48
7.74	0.46
7.76	0.47
7.78	0.46
7.81	0.47
7.83	0.47
7.86	0.48
7.88	0.45
7.91	0.47
7.93	0.44
7.96	0.44
7.98	0.43
8	0.45
8.03	0.44
8.05	0.46
8.08	0.45
8.1	0.48
8.13	0.48
8.15	0.48
8.18	0.47
8.2	0.48
8.22	0.48
8.25	0.49
8.27	0.46
8.3	0.47
8.32	0.48
8.35	0.48
8.37	0.48
8.4	0.48
8.42	0.48
8.44	0.51
8.47	0.5
8.49	0.48
8.52	0.48
8.54	0.47
8.57	0.47
8.59	0.47
8.62	0.46
8.64	0.47
8.66	0.47
8.69	0.48
8.71	0.5
8.74	0.51
8.76	0.52
8.79	0.53
8.81	0.53
8.84	0.53
8.86	0.53
8.88	0.52
8.91	0.52
8.93	0.51
8.96	0.51
8.98	0.52
9.01	0.52
9.03	0.52
9.05	0.53
9.08	0.53
9.1	0.54
9.13	0.53
9.15	0.53
9.18	0.54
9.2	0.55
9.23	0.53
9.25	0.53
9.27	0.52
9.3	0.54
9.32	0.52
9.35	0.52
9.37	0.51
9.4	0.51
9.42	0.5
9.45	0.51
9.47	0.51
9.49	0.52
9.52	0.51
9.54	0.53
9.57	0.54
9.59	0.56
9.62	0.54
9.64	0.54
9.67	0.54
9.69	0.55
9.71	0.54
9.74	0.54
9.76	0.53
9.79	0.54
9.81	0.54
9.84	0.56
9.86	0.56
9.89	0.58
9.91	0.58
9.93	0.58
9.96	0.58
9.98	0.58
10.01	0.57
10.03	0.57
10.06	0.56
10.08	0.56
10.1	0.57
10.13	0.56
10.15	0.56
10.18	0.55
10.2	0.54
10.23	0.54
10.25	0.56
10.28	0.55
10.3	0.57
10.32	0.56
10.35	0.58
10.37	0.58
10.4	0.59
10.42	0.58
10.45	0.61
10.47	0.61
10.5	0.62
10.52	0.61
10.54	0.62
10.57	0.62
10.59	0.64
10.62	0.61
10.64	0.62
10.67	0.6
10.69	0.61
10.72	0.61
10.74	0.61
10.76	0.61
10.79	0.61
10.81	0.6
10.84	0.62
10.86	0.6
10.89	0.61
10.91	0.61
10.94	0.62
10.96	0.62
10.98	0.63
11.01	0.62
11.03	0.66
11.06	0.66
11.08	0.66
11.11	0.66
11.13	0.67
11.15	0.65
11.18	0.67
11.2	0.65
11.23	0.66
11.25	0.66
11.28	0.65
11.3	0.65
11.33	0.68
11.35	0.65
11.37	0.67
11.4	0.65
11.42	0.66
11.45	0.66
11.47	0.66
11.5	0.65
11.52	0.66
11.55	0.65
11.57	0.66
11.59	0.64
11.62	0.65
11.64	0.66
11.67	0.67
11.69	0.68
11.72	0.68
11.74	0.68
11.77	0.69
11.79	0.7
11.81	0.69
11.84	0.7
11.86	0.69
11.89	0.7
11.91	0.72
11.94	0.73
11.96	0.73
11.99	0.74
12.01	0.73
12.03	0.75
12.06	0.75
12.08	0.74
12.11	0.74
12.13	0.74
12.16	0.73
12.18	0.73
12.21	0.72
12.23	0.73
12.25	0.72
12.28	0.72
12.3	0.73
12.33	0.73
12.35	0.72
12.38	0.75
12.4	0.74
12.42	0.76
12.45	0.76
12.47	0.76
12.5	0.77
12.52	0.8
12.55	0.77
12.57	0.79
12.6	0.77
12.62	0.78
12.64	0.79
12.67	0.8
12.69	0.79
12.72	0.8
12.74	0.78
12.77	0.82
12.79	0.81
12.82	0.8
12.84	0.8
12.86	0.8
12.89	0.8
12.91	0.81
12.94	0.8
12.96	0.81
12.99	0.8
13.01	0.81
13.04	0.82
13.06	0.84
13.08	0.84
13.11	0.86
13.13	0.86
13.16	0.87
13.18	0.87
13.21	0.87
13.23	0.87
13.26	0.87
13.28	0.85
13.3	0.87
13.33	0.87
13.35	0.88
13.38	0.91
13.4	0.9
13.43	0.91
13.45	0.91
13.47	0.91
13.5	0.93
13.52	0.93
13.55	0.91
13.57	0.92
13.6	0.91
13.62	0.92
13.65	0.91
13.67	0.9
13.69	0.9
13.72	0.9
13.74	0.9
13.77	0.92
13.79	0.92
13.82	0.93
13.84	0.95
13.87	0.96
13.89	0.96
13.91	0.98
13.94	0.97
13.96	0.98
13.99	0.97
14.01	0.95
14.04	0.95
14.06	0.96
14.09	0.94
14.11	0.98
14.13	0.96
14.16	0.99
14.18	0.99
14.21	1.01
14.23	1.02
14.26	1.03
14.28	0.99
14.31	1.01
14.33	0.99
14.35	1
14.38	0.99
14.4	0.98
14.43	0.97
14.45	0.98
14.48	0.96
14.5	0.98
14.52	0.96
14.55	0.97
14.57	0.99
14.6	1.02
14.62	1.02
14.65	1.03
14.67	1.03
14.7	1.03
14.72	1.03
14.74	1.02
14.77	1
14.79	0.99
14.82	0.99
14.84	1.01
14.87	1.02
14.89	1.03
14.92	1.04
14.94	1.04
14.96	1.08
14.99	1.08
15.01	1.06
15.04	1.07
15.06	1.06
15.09	1.05
15.11	1.05
15.14	1.04
15.16	1.04
15.18	1.04
15.21	1.04
15.23	1.05
15.26	1.06
15.28	1.07
15.31	1.09
15.33	1.08
15.36	1.09
15.38	1.08
15.4	1.08
15.43	1.08
15.45	1.09
15.48	1.06
15.5	1.08
15.53	1.06
15.55	1.07
15.57	1.09
15.6	1.1
15.62	1.1
15.65	1.11
15.67	1.08
15.7	1.12
15.72	1.11
15.75	1.11
15.77	1.1
15.79	1.09
15.82	1.08
15.84	1.11
15.87	1.08
15.89	1.1
15.92	1.08
15.94	1.08
15.97	1.09
15.99	1.11
16.01	1.1
16.04	1.14
16.06	1.12
16.09	1.14
16.11	1.15
16.14	1.15
16.16	1.14
16.19	1.16
16.21	1.13
16.23	1.15
16.26	1.13
16.28	1.14
16.31	1.15
16.33	1.16
16.36	1.16
16.38	1.18
16.41	1.17
16.43	1.21
16.45	1.21
16.48	1.19
16.5	1.2
16.53	1.18
16.55	1.18
16.58	1.18
16.6	1.18
16.63	1.18
16.65	1.19
16.67	1.18
16.7	1.22
16.72	1.22
16.75	1.22
16.77	1.24
16.8	1.23
16.82	1.22
16.84	1.24
16.87	1.23
16.89	1.25
16.92	1.24
16.94	1.23
16.97	1.26
16.99	1.26
17.02	1.26
17.04	1.28
17.06	1.27
17.09	1.29
17.11	1.28
17.14	1.29
17.16	1.32
17.19	1.33
17.21	1.32
17.24	1.34
17.26	1.32
17.28	1.33
17.31	1.33
17.33	1.33
17.36	1.33
17.38	1.34
17.41	1.32
17.43	1.37
17.46	1.36
17.48	1.36
17.5	1.38
17.53	1.39
17.55	1.4
17.58	1.41
17.6	1.4
17.63	1.42
17.65	1.42
17.68	1.42
17.7	1.42
17.72	1.42
17.75	1.42
17.77	1.44
17.8	1.45
17.82	1.47
17.85	1.48
17.87	1.48
17.89	1.52
17.92	1.53
17.94	1.53
17.97	1.54
17.99	1.52
18.02	1.52
18.04	1.53
18.07	1.52
18.09	1.52
18.11	1.52
18.14	1.52
18.16	1.55
18.19	1.55
18.21	1.55
18.24	1.57
18.26	1.57
18.29	1.59
18.31	1.59
18.33	1.59
18.36	1.6
18.38	1.62
18.41	1.61
18.43	1.63
18.46	1.61
18.48	1.63
18.51	1.64
18.53	1.64
18.55	1.65
18.58	1.67
18.6	1.65
18.63	1.7
18.65	1.68
18.68	1.68
18.7	1.68
18.73	1.67
18.75	1.67
18.77	1.68
18.8	1.66
18.82	1.69
18.85	1.67
18.87	1.68
18.9	1.7
18.92	1.71
18.94	1.7
18.97	1.72
18.99	1.7
19.02	1.72
19.04	1.71
19.07	1.73
19.09	1.72
19.12	1.74
19.14	1.72
19.16	1.75
19.19	1.72
19.21	1.74
19.24	1.72
19.26	1.73
19.29	1.72
19.31	1.74
19.34	1.71
19.36	1.77
19.38	1.75
19.41	1.76
19.43	1.76
19.46	1.74
19.48	1.73
19.51	1.75
19.53	1.73
19.56	1.73
19.58	1.72
19.6	1.71
19.63	1.75
19.65	1.75
19.68	1.74
19.7	1.73
19.73	1.73
19.75	1.74
19.78	1.75
19.8	1.73
19.82	1.74
19.85	1.73
19.87	1.73
19.9	1.75
19.92	1.74
19.95	1.73
19.97	1.74
19.99	1.73
20.02	1.75
20.04	1.75
20.07	1.74
20.09	1.78
20.12	1.77
20.14	1.77
20.17	1.78
20.19	1.75
20.21	1.75
20.24	1.75
20.26	1.73
20.29	1.73
20.31	1.71
20.34	1.69
20.36	1.73
20.39	1.72
20.41	1.73
20.43	1.72
20.46	1.73
20.48	1.74
20.51	1.76
20.53	1.73
20.56	1.75
20.58	1.74
20.61	1.74
20.63	1.74
20.65	1.73
20.68	1.72
20.7	1.74
20.73	1.72
20.75	1.74
20.78	1.74
20.8	1.74
20.83	1.77
20.85	1.77
20.87	1.77
20.9	1.8
20.92	1.79
20.95	1.79
20.97	1.78
21	1.77
21.02	1.79
21.05	1.78
21.07	1.78
21.09	1.79
21.12	1.8
21.14	1.81
21.17	1.83
21.19	1.83
21.22	1.85
21.24	1.85
21.26	1.85
21.29	1.85
21.31	1.86
21.34	1.85
21.36	1.87
21.39	1.85
21.41	1.87
21.44	1.87
21.46	1.9
21.48	1.92
21.51	1.93
21.53	1.92
21.56	1.95
21.58	1.95
21.61	1.96
21.63	1.96
21.66	1.97
21.68	1.97
21.7	2
21.73	2.01
21.75	2.05
21.78	2.04
21.8	2.06
21.83	2.07
21.85	2.09
21.88	2.09
21.9	2.11
21.92	2.1
21.95	2.14
21.97	2.15
22	2.16
22.02	2.17
22.05	2.2
22.07	2.21
22.1	2.25
22.12	2.24
22.14	2.27
22.17	2.28
22.19	2.31
22.22	2.32
22.24	2.35
22.27	2.33
22.29	2.36
22.31	2.36
22.34	2.37
22.36	2.38
22.39	2.39
22.41	2.39
22.44	2.42
22.46	2.45
22.49	2.48
22.51	2.47
22.53	2.49
22.56	2.52
22.58	2.54
22.61	2.55
22.63	2.54
22.66	2.56
22.68	2.58
22.71	2.61
22.73	2.6
22.75	2.62
22.78	2.61
22.8	2.63
22.83	2.65
22.85	2.66
22.88	2.67
22.9	2.69
22.93	2.68
22.95	2.74
22.97	2.75
23	2.75
23.02	2.76
23.05	2.76
23.07	2.75
23.1	2.78
23.12	2.76
23.15	2.77
23.17	2.77
23.19	2.78
23.22	2.78
23.24	2.78
23.27	2.77
23.29	2.8
23.32	2.8
23.34	2.81
23.36	2.81
23.39	2.82
23.41	2.83
23.44	2.85
23.46	2.83
23.49	2.84
23.51	2.83
23.54	2.84
23.56	2.85
23.58	2.86
23.61	2.85
23.63	2.86
23.66	2.85
23.68	2.87
23.71	2.86
23.73	2.85
23.76	2.84
23.78	2.84
23.8	2.82
23.83	2.83
23.85	2.81
23.88	2.82
23.9	2.81
23.93	2.81
23.95	2.79
23.98	2.78
24	2.77
24.02	2.78
24.05	2.76
24.07	2.76
24.1	2.76
24.12	2.77
24.15	2.79
24.17	2.79
24.2	2.76
24.22	2.76
24.24	2.75
24.27	2.74
24.29	2.75
24.32	2.73
24.34	2.72
24.37	2.72
24.39	2.71
24.42	2.73
24.44	2.72
24.46	2.69
24.49	2.69
24.51	2.68
24.54	2.68
24.56	2.66
24.59	2.65
24.61	2.63
24.63	2.63
24.66	2.62
24.68	2.63
24.71	2.59
24.73	2.6
24.76	2.6
24.78	2.6
24.81	2.59
24.83	2.6
24.85	2.58
24.88	2.6
24.9	2.59
24.93	2.58
24.95	2.58
24.98	2.58
25	2.57
25.03	2.61
25.05	2.59
25.07	2.6
25.1	2.59
25.12	2.6
25.15	2.61
25.17	2.61
25.2	2.58
25.22	2.59
25.25	2.58
25.27	2.59
25.29	2.58
25.32	2.57
25.34	2.57
25.37	2.58
25.39	2.57
25.42	2.59
25.44	2.56
25.47	2.58
25.49	2.59
25.51	2.6
25.54	2.6
25.56	2.62
25.59	2.62
25.61	2.65
25.64	2.64
25.66	2.64
25.68	2.65
25.71	2.66
25.73	2.66
25.76	2.69
25.78	2.7
25.81	2.73
25.83	2.74
25.86	2.74
25.88	2.77
25.9	2.79
25.93	2.78
25.95	2.8
25.98	2.8
26	2.81
26.03	2.83
26.05	2.83
26.08	2.86
26.1	2.88
26.12	2.88
26.15	2.9
26.17	2.93
26.2	2.93
26.22	2.98
26.25	2.99
26.27	3.01
26.3	3.03
26.32	3.05
26.34	3.08
26.37	3.12
26.39	3.12
26.42	3.16
26.44	3.17
26.47	3.2
26.49	3.25
26.52	3.27
26.54	3.29
26.56	3.32
26.59	3.33
26.61	3.38
26.64	3.41
26.66	3.42
26.69	3.44
26.71	3.45
26.73	3.47
26.76	3.51
26.78	3.52
26.81	3.56
26.83	3.57
26.86	3.6
26.88	3.65
26.91	3.67
26.93	3.69
26.95	3.73
26.98	3.75
27	3.8
27.03	3.82
27.05	3.85
27.08	3.89
27.1	3.93
27.13	3.93
27.15	3.98
27.17	4
27.2	4.03
27.22	4.08
27.25	4.11
27.27	4.13
27.3	4.16
27.32	4.17
27.35	4.22
27.37	4.24
27.39	4.23
27.42	4.25
27.44	4.26
27.47	4.29
27.49	4.31
27.52	4.32
27.54	4.34
27.57	4.36
27.59	4.37
27.61	4.4
27.64	4.41
27.66	4.44
27.69	4.47
27.71	4.49
27.74	4.5
27.76	4.54
27.78	4.54
27.81	4.56
27.83	4.57
27.86	4.56
27.88	4.56
27.91	4.56
27.93	4.55
27.96	4.58
27.98	4.58
28	4.6
28.03	4.6
28.05	4.61
28.08	4.63
28.1	4.65
28.13	4.62
28.15	4.63
28.18	4.59
28.2	4.59
28.22	4.58
28.25	4.57
28.27	4.56
28.3	4.55
28.32	4.53
28.35	4.56
28.37	4.54
28.4	4.53
28.42	4.53
28.44	4.52
28.47	4.5
28.49	4.51
28.52	4.48
28.54	4.47
28.57	4.45
28.59	4.43
28.62	4.43
28.64	4.41
28.66	4.39
28.69	4.41
28.71	4.39
28.74	4.38
28.76	4.36
28.79	4.33
28.81	4.32
28.84	4.3
28.86	4.25
28.88	4.25
28.91	4.22
28.93	4.2
28.96	4.19
28.98	4.16
29.01	4.15
29.03	4.13
29.05	4.15
29.08	4.18
29.1	4.16
29.13	4.14
29.15	4.15
29.18	4.14
29.2	4.14
29.23	4.07
29.25	4.02
29.27	4
29.3	3.99
29.32	3.95
29.35	3.93
29.37	3.89
29.4	3.88
29.42	3.86
29.45	3.85
29.47	3.83
29.49	3.83
29.52	3.8
29.54	3.83
29.57	3.81
29.59	3.81
29.62	3.79
29.64	3.78
29.67	3.76
29.69	3.76
29.71	3.72
29.74	3.73
29.76	3.71
29.79	3.72
29.81	3.72
29.84	3.73
29.86	3.73
29.89	3.77
29.91	3.75
29.93	3.78
29.96	3.77
29.98	3.77
30.01	3.75
30.03	3.76
30.06	3.72
30.08	3.74
30.1	3.71
30.13	3.74
30.15	3.75
30.18	3.77
30.2	3.77
30.23	3.8
30.25	3.79
30.28	3.85
30.3	3.85
30.32	3.86
30.35	3.86
30.37	3.86
30.4	3.87
30.42	3.9
30.45	3.9
30.47	3.93
30.5	3.92
30.52	3.95
30.54	4
30.57	4.02
30.59	4.04
30.62	4.08
30.64	4.1
30.67	4.15
30.69	4.18
30.72	4.19
30.74	4.23
30.76	4.25
30.79	4.25
30.81	4.29
30.84	4.31
30.86	4.34
30.89	4.39
30.91	4.42
30.94	4.46
30.96	4.49
30.98	4.54
31.01	4.6
31.03	4.64
31.06	4.66
31.08	4.71
31.11	4.71
31.13	4.75
31.15	4.78
31.18	4.82
31.2	4.85
31.23	4.9
31.25	4.94
31.28	5.03
31.3	5.07
31.33	5.13
31.35	5.19
31.37	5.24
31.4	5.28
31.42	5.35
31.45	5.37
31.47	5.42
31.5	5.46
31.52	5.5
31.55	5.56
31.57	5.61
31.59	5.66
31.62	5.73
31.64	5.78
31.67	5.84
31.69	5.88
31.72	5.92
31.74	5.99
31.77	6.03
31.79	6.07
31.81	6.14
31.84	6.15
31.86	6.21
31.89	6.25
31.91	6.29
31.94	6.33
31.96	6.38
31.99	6.41
32.01	6.49
32.03	6.53
32.06	6.57
32.08	6.61
32.11	6.65
32.13	6.69
32.16	6.73
32.18	6.75
32.2	6.78
32.23	6.82
32.25	6.85
32.28	6.89
32.3	6.89
32.33	6.92
32.35	6.95
32.38	6.98
32.4	7
32.42	7.02
32.45	7.03
32.47	7.1
32.5	7.1
32.52	7.12
32.55	7.13
32.57	7.12
32.6	7.12
32.62	7.13
32.64	7.11
32.67	7.13
32.69	7.11
32.72	7.11
32.74	7.13
32.77	7.14
32.79	7.13
32.82	7.13
32.84	7.11
32.86	7.12
32.89	7.11
32.91	7.1
32.94	7.07
32.96	7.07
32.99	7.05
33.01	7.05
33.04	6.99
33.06	6.99
33.08	6.96
33.11	6.95
33.13	6.92
33.16	6.9
33.18	6.85
33.21	6.88
33.23	6.83
33.26	6.81
33.28	6.76
33.3	6.72
33.33	6.68
33.35	6.66
33.38	6.59
33.4	6.56
33.43	6.5
33.45	6.48
33.47	6.46
33.5	6.43
33.52	6.39
33.55	6.37
33.57	6.34
33.6	6.33
33.62	6.28
33.65	6.25
33.67	6.2
33.69	6.17
33.72	6.13
33.74	6.09
33.77	6.03
33.79	5.99
33.82	5.96
33.84	5.92
33.87	5.89
33.89	5.85
33.91	5.82
33.94	5.83
33.96	5.8
33.99	5.75
34.01	5.72
34.04	5.66
34.06	5.64
34.09	5.6
34.11	5.56
34.13	5.52
34.16	5.48
34.18	5.45
34.21	5.47
34.23	5.43
34.26	5.41
34.28	5.4
34.31	5.38
34.33	5.38
34.35	5.37
34.38	5.33
34.4	5.33
34.43	5.3
34.45	5.28
34.48	5.28
34.5	5.25
34.52	5.23
34.55	5.25
34.57	5.23
34.6	5.25
34.62	5.24
34.65	5.24
34.67	5.27
34.7	5.28
34.72	5.25
34.74	5.27
34.77	5.25
34.79	5.27
34.82	5.28
34.84	5.27
34.87	5.28
34.89	5.28
34.92	5.28
34.94	5.32
34.96	5.32
34.99	5.34
35.01	5.35
35.04	5.38
35.06	5.41
35.09	5.45
35.11	5.46
35.14	5.5
35.16	5.53
35.18	5.55
35.21	5.59
35.23	5.6
35.26	5.62
35.28	5.65
35.31	5.69
35.33	5.74
35.36	5.78
35.38	5.81
35.4	5.88
35.43	5.92
35.45	5.97
35.48	6.01
35.5	6.06
35.53	6.1
35.55	6.14
35.57	6.17
35.6	6.22
35.62	6.25
35.65	6.3
35.67	6.35
35.7	6.4
35.72	6.45
35.75	6.53
35.77	6.59
35.79	6.68
35.82	6.73
35.84	6.79
35.87	6.85
35.89	6.93
35.92	6.97
35.94	7.06
35.97	7.09
35.99	7.16
36.01	7.23
36.04	7.3
36.06	7.37
36.09	7.44
36.11	7.5
36.14	7.6
36.16	7.66
36.19	7.73
36.21	7.8
36.23	7.87
36.26	7.93
36.28	8
36.31	8.06
36.33	8.14
36.36	8.19
36.38	8.27
36.41	8.35
36.43	8.43
36.45	8.5
36.48	8.59
36.5	8.66
36.53	8.77
36.55	8.84
36.58	8.91
36.6	8.98
36.62	9.05
36.65	9.11
36.67	9.19
36.7	9.25
36.72	9.31
36.75	9.37
36.77	9.43
36.8	9.5
36.82	9.56
36.84	9.61
36.87	9.68
36.89	9.73
36.92	9.8
36.94	9.85
36.97	9.89
36.99	9.94
37.02	9.99
37.04	10.03
37.06	10.06
37.09	10.07
37.11	10.1
37.14	10.15
37.16	10.18
37.19	10.22
37.21	10.23
37.24	10.27
37.26	10.31
37.28	10.36
37.31	10.35
37.33	10.37
37.36	10.36
37.38	10.38
37.41	10.4
37.43	10.41
37.46	10.39
37.48	10.41
37.5	10.4
37.53	10.41
37.55	10.4
37.58	10.38
37.6	10.36
37.63	10.36
37.65	10.33
37.68	10.32
37.7	10.29
37.72	10.26
37.75	10.23
37.77	10.21
37.8	10.16
37.82	10.12
37.85	10.07
37.87	10.06
37.89	10.01
37.92	9.98
37.94	9.92
37.97	9.88
37.99	9.84
38.02	9.81
38.04	9.72
38.07	9.69
38.09	9.62
38.11	9.58
38.14	9.54
38.16	9.49
38.19	9.4
38.21	9.36
38.24	9.27
38.26	9.24
38.29	9.16
38.31	9.08
38.33	9.02
38.36	8.96
38.38	8.88
38.41	8.85
38.43	8.76
38.46	8.71
38.48	8.64
38.51	8.58
38.53	8.53
38.55	8.46
38.58	8.37
38.6	8.32
38.63	8.26
38.65	8.21
38.68	8.16
38.7	8.11
38.73	8.08
38.75	8.06
38.77	7.99
38.8	7.95
38.82	7.9
38.85	7.84
38.87	7.82
38.9	7.75
38.92	7.7
38.94	7.66
38.97	7.62
38.99	7.6
39.02	7.57
39.04	7.51
39.07	7.49
39.09	7.44
39.12	7.42
39.14	7.39
39.16	7.36
39.19	7.33
39.21	7.31
39.24	7.29
39.26	7.3
39.29	7.26
39.31	7.26
39.34	7.26
39.36	7.26
39.38	7.25
39.41	7.26
39.43	7.23
39.46	7.26
39.48	7.26
39.51	7.26
39.53	7.25
39.56	7.27
39.58	7.27
39.6	7.33
39.63	7.32
39.65	7.35
39.68	7.38
39.7	7.41
39.73	7.43
39.75	7.46
39.78	7.44
39.8	7.49
39.82	7.49
39.85	7.52
39.87	7.55
39.9	7.6
39.92	7.64
39.95	7.69
39.97	7.72
39.99	7.79
40.02	7.83
40.04	7.89
40.07	7.94
40.09	7.99
40.12	8.03
40.14	8.09
40.17	8.13
40.19	8.2
40.21	8.26
40.24	8.31
40.26	8.39
40.29	8.46
40.31	8.53
40.34	8.62
40.36	8.7
40.39	8.77
40.41	8.86
40.43	8.91
40.46	9
40.48	9.07
40.51	9.14
40.53	9.2
40.56	9.27
40.58	9.33
40.61	9.43
40.63	9.49
40.65	9.6
40.68	9.68
40.7	9.78
40.73	9.87
40.75	9.98
40.78	10.06
40.8	10.18
40.83	10.24
40.85	10.35
40.87	10.44
40.9	10.54
40.92	10.63
40.95	10.75
40.97	10.82
41	10.95
41.02	11.03
41.05	11.14
41.07	11.26
41.09	11.36
41.12	11.44
41.14	11.55
41.17	11.63
41.19	11.74
41.22	11.83
41.24	11.91
41.26	11.99
41.29	12.08
41.31	12.17
41.34	12.28
41.36	12.36
41.39	12.47
41.41	12.56
41.44	12.67
41.46	12.79
41.48	12.89
41.51	12.97
41.53	13.08
41.56	13.15
41.58	13.25
41.61	13.33
41.63	13.4
41.66	13.49
41.68	13.57
41.7	13.63
41.73	13.71
41.75	13.77
41.78	13.85
41.8	13.93
41.83	13.98
41.85	14.03
41.88	14.07
41.9	14.12
41.92	14.18
41.95	14.21
41.97	14.22
42	14.25
42.02	14.28
42.05	14.32
42.07	14.35
42.1	14.36
42.12	14.38
42.14	14.41
42.17	14.44
42.19	14.48
42.22	14.49
42.24	14.52
42.27	14.54
42.29	14.55
42.31	14.53
42.34	14.53
42.36	14.5
42.39	14.49
42.41	14.46
42.44	14.43
42.46	14.4
42.49	14.37
42.51	14.33
42.53	14.34
42.56	14.29
42.58	14.25
42.61	14.2
42.63	14.17
42.66	14.15
42.68	14.12
42.71	14.03
42.73	13.99
42.75	13.9
42.78	13.85
42.8	13.77
42.83	13.7
42.85	13.6
42.88	13.54
42.9	13.46
42.93	13.43
42.95	13.35
42.97	13.28
43	13.21
43.02	13.15
43.05	13.06
43.07	12.98
43.1	12.88
43.12	12.8
43.15	12.71
43.17	12.61
43.19	12.51
43.22	12.43
43.24	12.33
43.27	12.28
43.29	12.19
43.32	12.12
43.34	12.03
43.36	11.95
43.39	11.88
43.41	11.8
43.44	11.68
43.46	11.6
43.49	11.49
43.51	11.39
43.54	11.3
43.56	11.2
43.58	11.13
43.61	11.06
43.63	10.98
43.66	10.93
43.68	10.87
43.71	10.81
43.73	10.78
43.76	10.7
43.78	10.65
43.8	10.59
43.83	10.52
43.85	10.45
43.88	10.4
43.9	10.32
43.93	10.29
43.95	10.22
43.98	10.18
44	10.16
44.02	10.15
44.05	10.12
44.07	10.1
44.1	10.06
44.12	10.07
44.15	10.05
44.17	10.01
44.2	9.99
44.22	9.96
44.24	9.93
44.27	9.94
44.29	9.91
44.32	9.92
44.34	9.92
44.37	9.93
44.39	9.95
44.41	9.98
44.44	9.99
44.46	10.04
44.49	10.05
44.51	10.1
44.54	10.13
44.56	10.17
44.59	10.2
44.61	10.24
44.63	10.24
44.66	10.3
44.68	10.31
44.71	10.35
44.73	10.39
44.76	10.44
44.78	10.51
44.81	10.57
44.83	10.63
44.85	10.74
44.88	10.81
44.9	10.88
44.93	10.95
44.95	11
44.98	11.07
45	11.15
45.03	11.2
45.05	11.27
45.07	11.34
45.1	11.41
45.12	11.52
45.15	11.61
45.17	11.7
45.2	11.81
45.22	11.92
45.25	12.01
45.27	12.14
45.29	12.23
45.32	12.34
45.34	12.43
45.37	12.52
45.39	12.6
45.42	12.71
45.44	12.79
45.47	12.91
45.49	13.01
45.51	13.15
45.54	13.26
45.56	13.39
45.59	13.53
45.61	13.67
45.64	13.78
45.66	13.9
45.68	13.97
45.71	14.1
45.73	14.2
45.76	14.31
45.78	14.4
45.81	14.51
45.83	14.63
45.86	14.8
45.88	14.91
45.9	15.05
45.93	15.21
45.95	15.36
45.98	15.5
46	15.61
46.03	15.71
46.05	15.84
46.08	15.95
46.1	16.04
46.12	16.15
46.15	16.25
46.17	16.37
46.2	16.52
46.22	16.64
46.25	16.78
46.27	16.9
46.3	17.03
46.32	17.19
46.34	17.33
46.37	17.41
46.39	17.53
46.42	17.59
46.44	17.7
46.47	17.79
46.49	17.87
46.52	17.96
46.54	18.05
46.56	18.15
46.59	18.27
46.61	18.36
46.64	18.45
46.66	18.53
46.69	18.61
46.71	18.7
46.73	18.76
46.76	18.83
46.78	18.88
46.81	18.95
46.83	19.01
46.86	19.06
46.88	19.08
46.91	19.15
46.93	19.2
46.95	19.26
46.98	19.29
47	19.31
47.03	19.33
47.05	19.43
47.08	19.43
47.1	19.45
47.13	19.46
47.15	19.46
47.17	19.46
47.2	19.49
47.22	19.45
47.25	19.45
47.27	19.41
47.3	19.39
47.32	19.39
47.35	19.38
47.37	19.34
47.39	19.34
47.42	19.31
47.44	19.3
47.47	19.26
47.49	19.21
47.52	19.15
47.54	19.11
47.57	19.04
47.59	19
47.61	18.91
47.64	18.87
47.66	18.79
47.69	18.75
47.71	18.65
47.74	18.57
47.76	18.47
47.78	18.45
47.81	18.35
47.83	18.27
47.86	18.16
47.88	18.08
47.91	17.98
47.93	17.9
47.96	17.75
47.98	17.65
48	17.5
48.03	17.4
48.05	17.3
48.08	17.2
48.1	17.08
48.13	16.97
48.15	16.86
48.18	16.79
48.2	16.69
48.22	16.58
48.25	16.47
48.27	16.34
48.3	16.22
48.32	16.11
48.35	15.97
48.37	15.85
48.4	15.72
48.42	15.6
48.44	15.5
48.47	15.41
48.49	15.31
48.52	15.26
48.54	15.17
48.57	15.08
48.59	15
48.62	14.9
48.64	14.8
48.66	14.71
48.69	14.6
48.71	14.51
48.74	14.43
48.76	14.34
48.79	14.29
48.81	14.23
48.84	14.18
48.86	14.12
48.88	14.07
48.91	14.03
48.93	14
48.96	13.94
48.98	13.93
49.01	13.89
49.03	13.87
49.05	13.84
49.08	13.83
49.1	13.8
49.13	13.8
49.15	13.76
49.18	13.75
49.2	13.72
49.23	13.73
49.25	13.73
49.27	13.74
49.3	13.74
49.32	13.78
49.35	13.79
49.37	13.86
49.4	13.88
49.42	13.91
49.45	13.95
49.47	13.98
49.49	14.01
49.52	14.06
49.54	14.07
49.57	14.13
49.59	14.16
49.62	14.21
49.64	14.28
49.67	14.35
49.69	14.4
49.71	14.5
49.74	14.57
49.76	14.68
49.79	14.76
49.81	14.85
49.84	14.92
49.86	15.02
49.89	15.08
49.91	15.18
49.93	15.26
49.96	15.36
49.98	15.45
50.01	15.56
50.03	15.67
50.06	15.78
50.08	15.89
50.1	16.05
50.13	16.17
50.15	16.29
50.18	16.43
50.2	16.51
50.23	16.64
50.25	16.76
50.28	16.87
50.3	16.98
50.32	17.1
50.35	17.2
50.37	17.37
50.4	17.51
50.42	17.65
50.45	17.79
50.47	17.96
50.5	18.12
50.52	18.3
50.54	18.43
50.57	18.56
50.59	18.69
50.62	18.82
50.64	18.94
50.67	19.08
50.69	19.2
50.72	19.37
50.74	19.52
50.76	19.7
50.79	19.87
50.81	20.03
50.84	20.19
50.86	20.37
50.89	20.5
50.91	20.66
50.94	20.76
50.96	20.91
50.98	21.03
51.01	21.17
51.03	21.31
51.06	21.46
51.08	21.6
51.11	21.78
51.13	21.91
51.15	22.06
51.18	22.23
51.2	22.37
51.23	22.51
51.25	22.64
51.28	22.76
51.3	22.92
51.33	23.05
51.35	23.17
51.37	23.29
51.4	23.39
51.42	23.52
51.45	23.64
51.47	23.75
51.5	23.86
51.52	23.96
51.55	24.06
51.57	24.21
51.59	24.31
51.62	24.4
51.64	24.49
51.67	24.55
51.69	24.64
51.72	24.73
51.74	24.78
51.77	24.87
51.79	24.94
51.81	24.99
51.84	25.08
51.86	25.12
51.89	25.16
51.91	25.21
51.94	25.23
51.96	25.28
51.99	25.29
52.01	25.3
52.03	25.32
52.06	25.35
52.08	25.36
52.11	25.39
52.13	25.37
52.16	25.41
52.18	25.43
52.2	25.44
52.23	25.47
52.25	25.47
52.28	25.44
52.3	25.48
52.33	25.44
52.35	25.42
52.38	25.37
52.4	25.29
52.42	25.25
52.45	25.21
52.47	25.12
52.5	25.08
52.52	25.01
52.55	24.97
52.57	24.91
52.6	24.83
52.62	24.75
52.64	24.69
52.67	24.61
52.69	24.55
52.72	24.44
52.74	24.35
52.77	24.26
52.79	24.19
52.82	24.06
52.84	23.96
52.86	23.82
52.89	23.73
52.91	23.61
52.94	23.51
52.96	23.36
52.99	23.26
53.01	23.12
53.04	23.04
53.06	22.9
53.08	22.79
53.11	22.65
53.13	22.53
53.16	22.39
53.18	22.27
53.21	22.12
53.23	21.99
53.26	21.83
53.28	21.69
53.3	21.57
53.33	21.45
53.35	21.31
53.38	21.19
53.4	21.05
53.43	20.95
53.45	20.84
53.47	20.72
53.5	20.61
53.52	20.47
53.55	20.35
53.57	20.27
53.6	20.14
53.62	20.05
53.65	19.94
53.67	19.82
53.69	19.77
53.72	19.67
53.74	19.57
53.77	19.53
53.79	19.46
53.82	19.39
53.84	19.35
53.87	19.27
53.89	19.23
53.91	19.18
53.94	19.12
53.96	19.07
53.99	19.02
54.01	18.98
54.04	18.97
54.06	18.92
54.09	18.91
54.11	18.9
54.13	18.9
54.16	18.88
54.18	18.9
54.21	18.88
54.23	18.91
54.26	18.93
54.28	18.94
54.31	18.97
54.33	18.99
54.35	19.01
54.38	19.05
54.4	19.08
54.43	19.14
54.45	19.19
54.48	19.23
54.5	19.3
54.52	19.37
54.55	19.44
54.57	19.52
54.6	19.58
54.62	19.66
54.65	19.75
54.67	19.85
54.7	19.95
54.72	20.02
54.74	20.1
54.77	20.2
54.79	20.27
54.82	20.36
54.84	20.46
54.87	20.56
54.89	20.7
54.92	20.83
54.94	20.96
54.96	21.1
54.99	21.26
55.01	21.41
55.04	21.57
55.06	21.7
55.09	21.82
55.11	21.94
55.14	22.09
55.16	22.23
55.18	22.36
55.21	22.45
55.23	22.61
55.26	22.77
55.28	22.95
55.31	23.1
55.33	23.26
55.36	23.41
55.38	23.59
55.4	23.75
55.43	23.92
55.45	24.03
55.48	24.2
55.5	24.35
55.53	24.53
55.55	24.68
55.57	24.85
55.6	25.02
55.62	25.24
55.65	25.41
55.67	25.59
55.7	25.76
55.72	25.97
55.75	26.15
55.77	26.32
55.79	26.45
55.82	26.61
55.84	26.77
55.87	26.92
55.89	27.07
55.92	27.24
55.94	27.42
55.97	27.62
55.99	27.79
56.01	27.97
56.04	28.15
56.06	28.31
56.09	28.48
56.11	28.66
56.14	28.82
56.16	28.99
56.19	29.11
56.21	29.27
56.23	29.42
56.26	29.54
56.28	29.67
56.31	29.82
56.33	29.97
56.36	30.16
56.38	30.3
56.41	30.47
56.43	30.63
56.45	30.77
56.48	30.88
56.5	31.02
56.53	31.12
56.55	31.23
56.58	31.34
56.6	31.44
56.62	31.54
56.65	31.65
56.67	31.75
56.7	31.86
56.72	31.96
56.75	32.03
56.77	32.11
56.8	32.2
56.82	32.29
56.84	32.36
56.87	32.42
56.89	32.49
56.92	32.55
56.94	32.59
56.97	32.66
56.99	32.7
57.02	32.75
57.04	32.78
57.06	32.82
57.09	32.85
57.11	32.89
57.14	32.89
57.16	32.91
57.19	32.92
57.21	32.94
57.24	32.94
57.26	32.95
57.28	32.95
57.31	32.96
57.33	32.95
57.36	32.95
57.38	32.93
57.41	32.92
57.43	32.89
57.46	32.85
57.48	32.79
57.5	32.76
57.53	32.69
57.55	32.65
57.58	32.58
57.6	32.53
57.63	32.46
57.65	32.38
57.68	32.3
57.7	32.25
57.72	32.13
57.75	32.04
57.77	31.91
57.8	31.81
57.82	31.71
57.85	31.59
57.87	31.48
57.89	31.4
57.92	31.28
57.94	31.2
57.97	31.12
57.99	31
58.02	30.87
58.04	30.73
58.07	30.56
58.09	30.46
58.11	30.31
58.14	30.14
58.16	30
58.19	29.86
58.21	29.73
58.24	29.62
58.26	29.47
58.29	29.34
58.31	29.2
58.33	29.07
58.36	28.94
58.38	28.78
58.41	28.64
58.43	28.5
58.46	28.36
58.48	28.23
58.51	28.11
58.53	27.98
58.55	27.87
58.58	27.74
58.6	27.6
58.63	27.49
58.65	27.38
58.68	27.28
58.7	27.21
58.73	27.1
58.75	27
58.77	26.92
58.8	26.83
58.82	26.76
58.85	26.68
58.87	26.58
58.9	26.54
58.92	26.47
58.94	26.41
58.97	26.36
58.99	26.3
59.02	26.26
59.04	26.22
59.07	26.17
59.09	26.18
59.12	26.16
59.14	26.15
59.16	26.15
59.19	26.15
59.21	26.15
59.24	26.18
59.26	26.17
59.29	26.18
59.31	26.21
59.34	26.22
59.36	26.26
59.38	26.3
59.41	26.32
59.43	26.4
59.46	26.46
59.48	26.52
59.51	26.57
59.53	26.63
59.56	26.71
59.58	26.81
59.6	26.86
59.63	26.94
59.65	27
59.68	27.1
59.7	27.2
59.73	27.29
59.75	27.39
59.78	27.5
59.8	27.63
59.82	27.78
59.85	27.89
59.87	28.02
59.9	28.16
59.92	28.28
59.95	28.4
59.97	28.48
59.99	28.55
