U1	IA
0.02	0.6
0.04	0.6
0.07	0.6
0.09	0.61
0.12	0.62
0.14	0.61
0.17	0.61
0.19	0.62
0.21	0.63
0.24	0.64
0.26	0.64
0.29	0.63
0.31	0.65
0.34	0.65
0.36	0.64
0.39	0.64
0.41	0.61
0.43	0.62
0.46	0.63
0.48	0.63
0.51	0.59
0.53	0.57
0.56	0.53
0.58	0.57
0.61	0.53
0.63	0.55
0.65	0.54
0.68	0.56
0.7	0.56
0.73	0.62
0.75	0.57
0.78	0.62
0.8	0.56
0.83	0.57
0.85	0.55
0.87	0.59
0.9	0.53
0.92	0.59
0.95	0.53
0.97	0.58
1	0.55
1.02	0.59
1.05	0.55
1.07	0.59
1.09	0.53
1.12	0.58
1.14	0.54
1.17	0.57
1.19	0.53
1.22	0.55
1.24	0.54
1.26	0.57
1.29	0.56
1.31	0.59
1.34	0.56
1.36	0.58
1.39	0.62
1.41	0.63
1.44	0.61
1.46	0.6
1.48	0.59
1.51	0.63
1.53	0.62
1.56	0.59
1.58	0.58
1.61	0.58
1.63	0.59
1.66	0.6
1.68	0.58
1.7	0.58
1.73	0.6
1.75	0.59
1.78	0.6
1.8	0.61
1.83	0.6
1.85	0.6
1.88	0.58
1.9	0.57
1.92	0.57
1.95	0.57
1.97	0.54
2	0.54
2.02	0.53
2.05	0.55
2.07	0.55
2.1	0.53
2.12	0.55
2.14	0.56
2.17	0.58
2.19	0.57
2.22	0.55
2.24	0.53
2.27	0.56
2.29	0.56
2.31	0.58
2.34	0.53
2.36	0.56
2.39	0.57
2.41	0.62
2.44	0.6
2.46	0.62
2.49	0.57
2.51	0.63
2.53	0.57
2.56	0.6
2.58	0.55
2.61	0.54
2.63	0.49
2.66	0.55
2.68	0.51
2.71	0.54
2.73	0.48
2.75	0.51
2.78	0.51
2.8	0.55
2.83	0.52
2.85	0.56
2.88	0.53
2.9	0.58
2.93	0.57
2.95	0.6
2.97	0.59
3	0.6
3.02	0.57
3.05	0.6
3.07	0.6
3.1	0.62
3.12	0.63
3.15	0.6
3.17	0.61
3.19	0.63
3.22	0.63
3.24	0.64
3.27	0.62
3.29	0.59
3.32	0.59
3.34	0.56
3.36	0.54
3.39	0.54
3.41	0.54
3.44	0.54
3.46	0.55
3.49	0.57
3.51	0.61
3.54	0.6
3.56	0.59
3.58	0.61
3.61	0.6
3.63	0.61
3.66	0.59
3.68	0.57
3.71	0.58
3.73	0.58
3.76	0.55
3.78	0.54
3.8	0.54
3.83	0.54
3.85	0.59
3.88	0.58
3.9	0.6
3.93	0.58
3.95	0.6
3.98	0.61
4	0.62
4.02	0.56
4.05	0.58
4.07	0.52
4.1	0.57
4.12	0.55
4.15	0.56
4.17	0.51
4.2	0.55
4.22	0.5
4.24	0.59
4.27	0.55
4.29	0.57
4.32	0.56
4.34	0.61
4.37	0.59
4.39	0.63
4.42	0.56
4.44	0.58
4.46	0.56
4.49	0.57
4.51	0.55
4.54	0.56
4.56	0.53
4.59	0.59
4.61	0.57
4.63	0.6
4.66	0.56
4.68	0.58
4.71	0.59
4.73	0.6
4.76	0.57
4.78	0.59
4.81	0.56
4.83	0.56
4.85	0.54
4.88	0.53
4.9	0.54
4.93	0.53
4.95	0.52
4.98	0.53
5	0.54
5.03	0.55
5.05	0.57
5.07	0.58
5.1	0.58
5.12	0.59
5.15	0.6
5.17	0.59
5.2	0.61
5.22	0.58
5.25	0.59
5.27	0.6
5.29	0.61
5.32	0.64
5.34	0.65
5.37	0.64
5.39	0.65
5.42	0.65
5.44	0.68
5.47	0.65
5.49	0.63
5.51	0.65
5.54	0.63
5.56	0.59
5.59	0.59
5.61	0.54
5.64	0.58
5.66	0.57
5.68	0.57
5.71	0.56
5.73	0.58
5.76	0.55
5.78	0.61
5.81	0.56
5.83	0.58
5.86	0.54
5.88	0.57
5.9	0.55
5.93	0.61
5.95	0.55
5.98	0.59
6	0.55
6.03	0.6
6.05	0.59
6.08	0.64
6.1	0.6
6.12	0.64
6.15	0.59
6.17	0.67
6.2	0.64
6.22	0.66
6.25	0.61
6.27	0.61
6.3	0.58
6.32	0.61
6.34	0.54
6.37	0.55
6.39	0.51
6.42	0.53
6.44	0.54
6.47	0.55
6.49	0.54
6.52	0.6
6.54	0.59
6.56	0.6
6.59	0.62
6.61	0.63
6.64	0.62
6.66	0.63
6.69	0.6
6.71	0.61
6.73	0.61
6.76	0.6
6.78	0.61
6.81	0.62
6.83	0.61
6.86	0.6
6.88	0.62
6.91	0.64
6.93	0.63
6.95	0.62
6.98	0.62
7	0.6
7.03	0.6
7.05	0.58
7.08	0.57
7.1	0.57
7.13	0.57
7.15	0.57
7.17	0.58
7.2	0.59
7.22	0.6
7.25	0.61
7.27	0.62
7.3	0.6
7.32	0.6
7.35	0.6
7.37	0.61
7.39	0.59
7.42	0.57
7.44	0.56
7.47	0.59
7.49	0.57
7.52	0.61
7.54	0.55
7.57	0.56
7.59	0.54
7.61	0.58
7.64	0.58
7.66	0.62
7.69	0.55
7.71	0.62
7.74	0.58
7.76	0.62
7.78	0.56
7.81	0.56
7.83	0.5
7.86	0.55
7.88	0.51
7.91	0.55
7.93	0.5
7.96	0.53
7.98	0.52
8	0.57
8.03	0.54
8.05	0.59
8.08	0.56
8.1	0.59
8.13	0.59
8.15	0.59
8.18	0.6
8.2	0.6
8.22	0.56
8.25	0.59
8.27	0.59
8.3	0.6
8.32	0.61
8.35	0.63
8.37	0.66
8.4	0.67
8.42	0.67
8.44	0.68
8.47	0.66
8.49	0.63
8.52	0.6
8.54	0.57
8.57	0.58
8.59	0.55
8.62	0.55
8.64	0.57
8.66	0.56
8.69	0.57
8.71	0.57
8.74	0.57
8.76	0.58
8.79	0.59
8.81	0.59
8.84	0.61
8.86	0.6
8.88	0.6
8.91	0.63
8.93	0.6
8.96	0.59
8.98	0.58
9.01	0.59
9.03	0.6
9.05	0.62
9.08	0.59
9.1	0.64
9.13	0.61
9.15	0.64
9.18	0.63
9.2	0.63
9.23	0.57
9.25	0.6
9.27	0.55
9.3	0.62
9.32	0.59
9.35	0.62
9.37	0.59
9.4	0.65
9.42	0.61
9.45	0.66
9.47	0.59
9.49	0.63
9.52	0.6
9.54	0.66
9.57	0.62
9.59	0.65
9.62	0.59
9.64	0.64
9.67	0.6
9.69	0.62
9.71	0.58
9.74	0.61
9.76	0.59
9.79	0.63
9.81	0.61
9.84	0.68
9.86	0.66
9.89	0.68
9.91	0.65
9.93	0.66
9.96	0.65
9.98	0.68
10.01	0.65
10.03	0.64
10.06	0.61
10.08	0.63
10.1	0.62
10.13	0.62
10.15	0.6
10.18	0.59
10.2	0.6
10.23	0.62
10.25	0.63
10.28	0.65
10.3	0.66
10.32	0.64
10.35	0.64
10.37	0.65
10.4	0.64
10.42	0.65
10.45	0.65
10.47	0.64
10.5	0.65
10.52	0.67
10.54	0.65
10.57	0.68
10.59	0.66
10.62	0.67
10.64	0.66
10.67	0.63
10.69	0.63
10.72	0.63
10.74	0.63
10.76	0.63
10.79	0.61
10.81	0.59
10.84	0.65
10.86	0.63
10.89	0.66
10.91	0.64
10.94	0.65
10.96	0.64
10.98	0.68
11.01	0.66
11.03	0.69
11.06	0.63
11.08	0.66
11.11	0.63
11.13	0.67
11.15	0.64
11.18	0.65
11.2	0.6
11.23	0.67
11.25	0.66
11.28	0.69
11.3	0.66
11.33	0.69
11.35	0.66
11.37	0.72
11.4	0.68
11.42	0.71
11.45	0.67
11.47	0.73
11.5	0.7
11.52	0.72
11.55	0.69
11.57	0.71
11.59	0.68
11.62	0.7
11.64	0.68
11.67	0.7
11.69	0.71
11.72	0.69
11.74	0.67
11.77	0.7
11.79	0.69
11.81	0.69
11.84	0.69
11.86	0.69
11.89	0.7
11.91	0.72
11.94	0.72
11.96	0.73
11.99	0.74
12.01	0.73
12.03	0.72
12.06	0.71
12.08	0.7
12.11	0.69
12.13	0.69
12.16	0.69
12.18	0.69
12.21	0.71
12.23	0.72
12.25	0.72
12.28	0.74
12.3	0.76
12.33	0.76
12.35	0.76
12.38	0.76
12.4	0.78
12.42	0.81
12.45	0.79
12.47	0.77
12.5	0.75
12.52	0.76
12.55	0.75
12.57	0.78
12.6	0.74
12.62	0.76
12.64	0.75
12.67	0.78
12.69	0.77
12.72	0.81
12.74	0.74
12.77	0.79
12.79	0.76
12.82	0.84
12.84	0.8
12.86	0.83
12.89	0.79
12.91	0.83
12.94	0.81
12.96	0.85
12.99	0.76
13.01	0.8
13.04	0.77
13.06	0.8
13.08	0.78
13.11	0.8
13.13	0.75
13.16	0.81
13.18	0.78
13.21	0.8
13.23	0.77
13.26	0.78
13.28	0.75
13.3	0.8
13.33	0.79
13.35	0.81
13.38	0.8
13.4	0.81
13.43	0.82
13.45	0.84
13.47	0.83
13.5	0.84
13.52	0.82
13.55	0.83
13.57	0.83
13.6	0.83
13.62	0.84
13.65	0.83
13.67	0.84
13.69	0.85
13.72	0.82
13.74	0.83
13.77	0.86
13.79	0.86
13.82	0.88
13.84	0.87
13.87	0.88
13.89	0.91
13.91	0.9
13.94	0.88
13.96	0.88
13.99	0.88
14.01	0.88
14.04	0.9
14.06	0.89
14.09	0.89
14.11	0.91
14.13	0.9
14.16	0.9
14.18	0.89
14.21	0.88
14.23	0.88
14.26	0.9
14.28	0.88
14.31	0.88
14.33	0.85
14.35	0.9
14.38	0.89
14.4	0.91
14.43	0.89
14.45	0.89
14.48	0.86
14.5	0.91
14.52	0.87
14.55	0.9
14.57	0.84
14.6	0.86
14.62	0.87
14.65	0.92
14.67	0.86
14.7	0.91
14.72	0.86
14.74	0.92
14.77	0.9
14.79	0.92
14.82	0.87
14.84	0.91
14.87	0.89
14.89	0.95
14.92	0.91
14.94	0.93
14.96	0.9
14.99	0.92
15.01	0.91
15.04	0.91
15.06	0.89
15.09	0.91
15.11	0.9
15.14	0.93
15.16	0.97
15.18	0.97
15.21	0.96
15.23	0.96
15.26	0.94
15.28	0.96
15.31	0.94
15.33	0.92
15.36	0.93
15.38	0.93
15.4	0.92
15.43	0.93
15.45	0.91
15.48	0.91
15.5	0.94
15.53	0.93
15.55	0.93
15.57	0.96
15.6	0.97
15.62	1
15.65	1
15.67	0.98
15.7	0.98
15.72	0.98
15.75	0.97
15.77	0.97
15.79	0.95
15.82	0.97
15.84	0.97
15.87	0.96
15.89	0.99
15.92	1
15.94	1
15.97	1.01
15.99	1.01
16.01	0.99
16.04	1.02
16.06	1
16.09	1.01
16.11	0.99
16.14	0.98
16.16	0.95
16.19	0.99
16.21	0.96
16.23	1.01
16.26	0.95
16.28	0.99
16.31	0.96
16.33	1.02
16.36	1
16.38	1.03
16.41	0.95
16.43	1.02
16.45	0.98
16.48	1.03
16.5	0.97
16.53	0.97
16.55	0.96
16.58	1.02
16.6	0.99
16.63	1.04
16.65	1.01
16.67	1.05
16.7	1.06
16.72	1.09
16.75	1.06
16.77	1.09
16.8	1.05
16.82	1.06
16.84	1.05
16.87	1.06
16.89	1.03
16.92	1.01
16.94	1
16.97	1.04
16.99	1.06
17.02	1.08
17.04	1.04
17.06	1.05
17.09	1.07
17.11	1.06
17.14	1.05
17.16	1.03
17.19	1.01
17.21	1.02
17.24	1.03
17.26	1.02
17.28	1.04
17.31	1.05
17.33	1.04
17.36	1.06
17.38	1.08
17.41	1.08
17.43	1.11
17.46	1.12
17.48	1.13
17.5	1.14
17.53	1.16
17.55	1.15
17.58	1.16
17.6	1.15
17.63	1.17
17.65	1.15
17.68	1.16
17.7	1.16
17.72	1.18
17.75	1.18
17.77	1.2
17.8	1.17
17.82	1.19
17.85	1.17
17.87	1.19
17.89	1.19
17.92	1.2
17.94	1.17
17.97	1.19
17.99	1.15
18.02	1.21
18.04	1.18
18.07	1.2
18.09	1.17
18.11	1.2
18.14	1.19
18.16	1.27
18.19	1.22
18.21	1.24
18.24	1.2
18.26	1.25
18.29	1.24
18.31	1.26
18.33	1.18
18.36	1.22
18.38	1.2
18.41	1.25
18.43	1.23
18.46	1.25
18.48	1.22
18.51	1.27
18.53	1.26
18.55	1.33
18.58	1.3
18.6	1.3
18.63	1.29
18.65	1.28
18.68	1.29
18.7	1.31
18.73	1.27
18.75	1.28
18.77	1.27
18.8	1.28
18.82	1.32
18.85	1.31
18.87	1.31
18.9	1.34
18.92	1.34
18.94	1.36
18.97	1.38
18.99	1.37
19.02	1.38
19.04	1.39
19.07	1.37
19.09	1.38
19.12	1.36
19.14	1.35
19.16	1.36
19.19	1.36
19.21	1.35
19.24	1.36
19.26	1.33
19.29	1.35
19.31	1.35
19.34	1.35
19.36	1.36
19.38	1.32
19.41	1.32
19.43	1.32
19.46	1.34
19.48	1.31
19.51	1.3
19.53	1.26
19.56	1.32
19.58	1.31
19.6	1.34
19.63	1.32
19.65	1.35
19.68	1.34
19.7	1.4
19.73	1.36
19.75	1.41
19.78	1.35
19.8	1.36
19.82	1.33
19.85	1.36
19.87	1.32
19.9	1.34
19.92	1.29
19.95	1.35
19.97	1.33
19.99	1.36
20.02	1.33
20.04	1.36
20.07	1.32
20.09	1.36
20.12	1.32
20.14	1.32
20.17	1.28
20.19	1.3
20.21	1.29
20.24	1.31
20.26	1.3
20.29	1.33
20.31	1.31
20.34	1.34
20.36	1.38
20.39	1.38
20.41	1.38
20.43	1.39
20.46	1.37
20.48	1.41
20.51	1.41
20.53	1.39
20.56	1.39
20.58	1.37
20.61	1.37
20.63	1.4
20.65	1.37
20.68	1.37
20.7	1.36
20.73	1.33
20.75	1.37
20.78	1.35
20.8	1.34
20.83	1.35
20.85	1.34
20.87	1.33
20.9	1.34
20.92	1.32
20.95	1.32
20.97	1.31
21	1.3
21.02	1.33
21.05	1.33
21.07	1.33
21.09	1.35
21.12	1.35
21.14	1.38
21.17	1.39
21.19	1.38
21.22	1.36
21.24	1.39
21.26	1.39
21.29	1.42
21.31	1.38
21.34	1.4
21.36	1.37
21.39	1.41
21.41	1.4
21.44	1.41
21.46	1.36
21.48	1.43
21.51	1.38
21.53	1.44
21.56	1.42
21.58	1.41
21.61	1.38
21.63	1.43
21.66	1.38
21.68	1.44
21.7	1.4
21.73	1.42
21.75	1.42
21.78	1.47
21.8	1.46
21.83	1.51
21.85	1.46
21.88	1.51
21.9	1.5
21.92	1.54
21.95	1.53
21.97	1.55
22	1.53
22.02	1.58
22.05	1.56
22.07	1.6
22.1	1.61
22.12	1.6
22.14	1.6
22.17	1.62
22.19	1.62
22.22	1.67
22.24	1.62
22.27	1.61
22.29	1.61
22.31	1.58
22.34	1.58
22.36	1.57
22.39	1.54
22.41	1.56
22.44	1.55
22.46	1.57
22.49	1.61
22.51	1.62
22.53	1.62
22.56	1.64
22.58	1.65
22.61	1.69
22.63	1.7
22.66	1.69
22.68	1.7
22.71	1.73
22.73	1.73
22.75	1.75
22.78	1.74
22.8	1.75
22.83	1.77
22.85	1.78
22.88	1.79
22.9	1.78
22.93	1.77
22.95	1.82
22.97	1.84
23	1.82
23.02	1.81
23.05	1.77
23.07	1.81
23.1	1.82
23.12	1.83
23.15	1.8
23.17	1.82
23.19	1.81
23.22	1.89
23.24	1.86
23.27	1.88
23.29	1.84
23.32	1.87
23.34	1.88
23.36	1.93
23.39	1.87
23.41	1.89
23.44	1.86
23.46	1.9
23.49	1.9
23.51	1.9
23.54	1.85
23.56	1.91
23.58	1.9
23.61	1.94
23.63	1.93
23.66	1.92
23.68	1.93
23.71	1.95
23.73	1.91
23.76	1.94
23.78	1.91
23.8	1.9
23.83	1.89
23.85	1.9
23.88	1.91
23.9	1.91
23.93	1.88
23.95	1.88
23.98	1.85
24	1.86
24.02	1.86
24.05	1.86
24.07	1.86
24.1	1.87
24.12	1.88
24.15	1.9
24.17	1.91
24.2	1.93
24.22	1.94
24.24	1.92
24.27	1.91
24.29	1.91
24.32	1.93
24.34	1.94
24.37	1.93
24.39	1.92
24.42	1.96
24.44	1.96
24.46	1.95
24.49	1.93
24.51	1.91
24.54	1.9
24.56	1.89
24.59	1.87
24.61	1.87
24.63	1.85
24.66	1.86
24.68	1.85
24.71	1.84
24.73	1.82
24.76	1.83
24.78	1.81
24.81	1.84
24.83	1.82
24.85	1.82
24.88	1.81
24.9	1.83
24.93	1.81
24.95	1.86
24.98	1.78
25	1.82
25.03	1.8
25.05	1.85
25.07	1.82
25.1	1.85
25.12	1.78
25.15	1.83
25.17	1.77
25.2	1.77
25.22	1.71
25.25	1.73
25.27	1.69
25.29	1.73
25.32	1.7
25.34	1.74
25.37	1.7
25.39	1.73
25.42	1.72
25.44	1.75
25.47	1.73
25.49	1.77
25.51	1.74
25.54	1.78
25.56	1.8
25.59	1.82
25.61	1.82
25.64	1.81
25.66	1.8
25.68	1.84
25.71	1.83
25.73	1.82
25.76	1.8
25.78	1.79
25.81	1.81
25.83	1.8
25.86	1.78
25.88	1.78
25.9	1.77
25.93	1.77
25.95	1.76
25.98	1.77
26	1.77
26.03	1.77
26.05	1.78
26.08	1.8
26.1	1.79
26.12	1.8
26.15	1.81
26.17	1.81
26.2	1.83
26.22	1.86
26.25	1.88
26.27	1.91
26.3	1.93
26.32	1.93
26.34	1.96
26.37	1.96
26.39	1.95
26.42	1.95
26.44	1.97
26.47	1.99
26.49	2.02
26.52	2.01
26.54	2.03
26.56	2.02
26.59	2.05
26.61	2.05
26.64	2.06
26.66	2.02
26.69	2.06
26.71	2.03
26.73	2.1
26.76	2.09
26.78	2.14
26.81	2.14
26.83	2.18
26.86	2.18
26.88	2.26
26.91	2.23
26.93	2.26
26.95	2.25
26.98	2.32
27	2.33
27.03	2.37
27.05	2.32
27.08	2.37
27.1	2.37
27.13	2.42
27.15	2.41
27.17	2.43
27.2	2.42
27.22	2.46
27.25	2.46
27.27	2.51
27.3	2.49
27.32	2.48
27.35	2.48
27.37	2.48
27.39	2.49
27.42	2.52
27.44	2.5
27.47	2.51
27.49	2.53
27.52	2.54
27.54	2.58
27.57	2.56
27.59	2.55
27.61	2.57
27.64	2.58
27.66	2.59
27.69	2.63
27.71	2.63
27.74	2.67
27.76	2.68
27.78	2.69
27.81	2.69
27.83	2.7
27.86	2.7
27.88	2.73
27.91	2.75
27.93	2.76
27.96	2.77
27.98	2.78
28	2.81
28.03	2.81
28.05	2.79
28.08	2.79
28.1	2.76
28.13	2.77
28.15	2.77
28.18	2.76
28.2	2.74
28.22	2.72
28.25	2.69
28.27	2.73
28.3	2.7
28.32	2.72
28.35	2.71
28.37	2.74
28.4	2.73
28.42	2.78
28.44	2.75
28.47	2.8
28.49	2.76
28.52	2.77
28.54	2.75
28.57	2.79
28.59	2.74
28.62	2.77
28.64	2.73
28.66	2.76
28.69	2.74
28.71	2.74
28.74	2.68
28.76	2.7
28.79	2.65
28.81	2.67
28.84	2.61
28.86	2.63
28.88	2.61
28.91	2.63
28.93	2.62
28.96	2.62
28.98	2.59
29.01	2.63
29.03	2.58
29.05	2.59
29.08	2.61
29.1	2.62
29.13	2.61
29.15	2.61
29.18	2.58
29.2	2.6
29.23	2.61
29.25	2.57
29.27	2.56
29.3	2.54
29.32	2.51
29.35	2.52
29.37	2.52
29.4	2.49
29.42	2.48
29.45	2.46
29.47	2.48
29.49	2.49
29.52	2.48
29.54	2.48
29.57	2.46
29.59	2.45
29.62	2.46
29.64	2.45
29.67	2.44
29.69	2.41
29.71	2.4
29.74	2.4
29.76	2.4
29.79	2.37
29.81	2.39
29.84	2.37
29.86	2.39
29.89	2.37
29.91	2.36
29.93	2.33
29.96	2.34
29.98	2.29
30.01	2.32
30.03	2.27
30.06	2.27
30.08	2.28
30.1	2.31
30.13	2.28
30.15	2.33
30.18	2.27
30.2	2.32
30.23	2.3
30.25	2.32
30.28	2.3
30.3	2.32
30.32	2.26
30.35	2.32
30.37	2.29
30.4	2.33
30.42	2.27
30.45	2.29
30.47	2.28
30.5	2.32
30.52	2.29
30.54	2.33
30.57	2.3
30.59	2.35
30.62	2.34
30.64	2.37
30.67	2.37
30.69	2.41
30.72	2.38
30.74	2.43
30.76	2.45
30.79	2.47
30.81	2.5
30.84	2.52
30.86	2.51
30.89	2.55
30.91	2.55
30.94	2.59
30.96	2.6
30.98	2.6
31.01	2.61
31.03	2.62
31.06	2.63
31.08	2.64
31.11	2.64
31.13	2.63
31.15	2.62
31.18	2.64
31.2	2.67
31.23	2.69
31.25	2.72
31.28	2.74
31.3	2.77
31.33	2.82
31.35	2.82
31.37	2.84
31.4	2.86
31.42	2.89
31.45	2.89
31.47	2.92
31.5	2.92
31.52	2.95
31.55	3
31.57	3.02
31.59	3.04
31.62	3.06
31.64	3.1
31.67	3.15
31.69	3.21
31.72	3.2
31.74	3.23
31.77	3.22
31.79	3.25
31.81	3.28
31.84	3.31
31.86	3.28
31.89	3.33
31.91	3.33
31.94	3.41
31.96	3.42
31.99	3.46
32.01	3.45
32.03	3.51
32.06	3.51
32.08	3.56
32.11	3.54
32.13	3.57
32.16	3.55
32.18	3.59
32.2	3.59
32.23	3.62
32.25	3.6
32.28	3.66
32.3	3.65
32.33	3.7
32.35	3.69
32.38	3.74
32.4	3.77
32.42	3.81
32.45	3.82
32.47	3.86
32.5	3.85
32.52	3.85
32.55	3.84
32.57	3.85
32.6	3.87
32.62	3.87
32.64	3.86
32.67	3.88
32.69	3.89
32.72	3.9
32.74	3.9
32.77	3.91
32.79	3.92
32.82	3.91
32.84	3.89
32.86	3.9
32.89	3.88
32.91	3.84
32.94	3.85
32.96	3.8
32.99	3.81
33.01	3.82
33.04	3.8
33.06	3.8
33.08	3.82
33.11	3.8
33.13	3.86
33.16	3.85
33.18	3.82
33.21	3.81
33.23	3.79
33.26	3.77
33.28	3.75
33.3	3.68
33.33	3.67
33.35	3.67
33.38	3.68
33.4	3.67
33.43	3.66
33.45	3.62
33.47	3.68
33.5	3.66
33.52	3.64
33.55	3.58
33.57	3.59
33.6	3.53
33.62	3.55
33.65	3.49
33.67	3.51
33.69	3.43
33.72	3.45
33.74	3.41
33.77	3.45
33.79	3.41
33.82	3.41
33.84	3.37
33.87	3.46
33.89	3.42
33.91	3.43
33.94	3.37
33.96	3.36
33.99	3.31
34.01	3.31
34.04	3.24
34.06	3.25
34.09	3.19
34.11	3.19
34.13	3.17
34.16	3.17
34.18	3.12
34.21	3.09
34.23	3.05
34.26	3.07
34.28	3.05
34.31	3.04
34.33	3.02
34.35	3
34.38	2.97
34.4	2.98
34.43	2.93
34.45	2.93
34.48	2.92
34.5	2.92
34.52	2.93
34.55	2.93
34.57	2.93
34.6	2.97
34.62	2.96
34.65	2.94
34.67	2.93
34.7	2.89
34.72	2.9
34.74	2.89
34.77	2.85
34.79	2.86
34.82	2.86
34.84	2.86
34.87	2.89
34.89	2.89
34.92	2.89
34.94	2.91
34.96	2.91
34.99	2.91
35.01	2.92
35.04	2.93
35.06	2.94
35.09	2.92
35.11	2.91
35.14	2.9
35.16	2.91
35.18	2.91
35.21	2.93
35.23	2.91
35.26	2.93
35.28	2.91
35.31	2.95
35.33	2.96
35.36	3.01
35.38	2.96
35.4	3.01
35.43	3
35.45	3.07
35.48	3.05
35.5	3.08
35.53	3.05
35.55	3.11
35.57	3.1
35.6	3.16
35.62	3.13
35.65	3.18
35.67	3.18
35.7	3.25
35.72	3.27
35.75	3.31
35.77	3.29
35.79	3.35
35.82	3.36
35.84	3.4
35.87	3.4
35.89	3.39
35.92	3.41
35.94	3.47
35.97	3.51
35.99	3.56
36.01	3.57
36.04	3.61
36.06	3.69
36.09	3.73
36.11	3.78
36.14	3.83
36.16	3.85
36.19	3.89
36.21	3.92
36.23	3.93
36.26	3.99
36.28	4.01
36.31	4.01
36.33	4.07
36.36	4.09
36.38	4.14
36.41	4.19
36.43	4.24
36.45	4.29
36.48	4.36
36.5	4.38
36.53	4.45
36.55	4.47
36.58	4.52
36.6	4.56
36.62	4.56
36.65	4.59
36.67	4.63
36.7	4.65
36.72	4.7
36.75	4.74
36.77	4.75
36.8	4.82
36.82	4.82
36.84	4.86
36.87	4.88
36.89	4.92
36.92	4.91
36.94	4.96
36.97	4.94
36.99	5.01
37.02	5
37.04	5.06
37.06	5.03
37.09	5.07
37.11	5.06
37.14	5.14
37.16	5.12
37.19	5.17
37.21	5.15
37.24	5.2
37.26	5.21
37.28	5.24
37.31	5.18
37.33	5.22
37.36	5.2
37.38	5.22
37.41	5.2
37.43	5.22
37.46	5.21
37.48	5.25
37.5	5.23
37.53	5.26
37.55	5.24
37.58	5.25
37.6	5.21
37.63	5.23
37.65	5.22
37.68	5.23
37.7	5.21
37.72	5.19
37.75	5.16
37.77	5.16
37.8	5.15
37.82	5.15
37.85	5.13
37.87	5.11
37.89	5.11
37.92	5.09
37.94	5.08
37.97	5.06
37.99	5.03
38.02	4.98
38.04	4.94
38.07	4.92
38.09	4.89
38.11	4.85
38.14	4.82
38.16	4.79
38.19	4.77
38.21	4.77
38.24	4.71
38.26	4.68
38.29	4.64
38.31	4.6
38.33	4.57
38.36	4.54
38.38	4.52
38.41	4.5
38.43	4.49
38.46	4.48
38.48	4.44
38.51	4.39
38.53	4.4
38.55	4.36
38.58	4.34
38.6	4.29
38.63	4.26
38.65	4.21
38.68	4.21
38.7	4.15
38.73	4.15
38.75	4.07
38.77	4.07
38.8	4.03
38.82	4.06
38.85	4.01
38.87	4.01
38.9	3.93
38.92	3.97
38.94	3.92
38.97	3.91
38.99	3.85
39.02	3.87
39.04	3.83
39.07	3.86
39.09	3.8
39.12	3.82
39.14	3.78
39.16	3.78
39.19	3.72
39.21	3.7
39.24	3.65
39.26	3.67
39.29	3.61
39.31	3.61
39.34	3.58
39.36	3.6
39.38	3.59
39.41	3.58
39.43	3.52
39.46	3.52
39.48	3.52
39.51	3.54
39.53	3.54
39.56	3.55
39.58	3.55
39.6	3.57
39.63	3.59
39.65	3.61
39.68	3.61
39.7	3.59
39.73	3.58
39.75	3.58
39.78	3.58
39.8	3.58
39.82	3.57
39.85	3.58
39.87	3.59
39.9	3.61
39.92	3.63
39.95	3.64
39.97	3.66
39.99	3.71
40.02	3.73
40.04	3.74
40.07	3.76
40.09	3.78
40.12	3.82
40.14	3.81
40.17	3.79
40.19	3.8
40.21	3.82
40.24	3.85
40.26	3.91
40.29	3.92
40.31	3.97
40.34	3.99
40.36	4.05
40.39	4.08
40.41	4.14
40.43	4.1
40.46	4.15
40.48	4.14
40.51	4.22
40.53	4.23
40.56	4.29
40.58	4.26
40.61	4.36
40.63	4.39
40.65	4.48
40.68	4.45
40.7	4.52
40.73	4.53
40.75	4.67
40.78	4.67
40.8	4.74
40.83	4.74
40.85	4.83
40.87	4.85
40.9	4.93
40.92	4.94
40.95	4.99
40.97	5.02
41	5.12
41.02	5.17
41.05	5.26
41.07	5.29
41.09	5.35
41.12	5.42
41.14	5.5
41.17	5.55
41.19	5.59
41.22	5.6
41.24	5.66
41.26	5.69
41.29	5.72
41.31	5.78
41.34	5.83
41.36	5.89
41.39	5.97
41.41	6
41.44	6.07
41.46	6.16
41.48	6.19
41.51	6.23
41.53	6.27
41.56	6.31
41.58	6.37
41.61	6.39
41.63	6.41
41.66	6.45
41.68	6.51
41.7	6.56
41.73	6.6
41.75	6.64
41.78	6.68
41.8	6.73
41.83	6.74
41.85	6.76
41.88	6.76
41.9	6.78
41.92	6.8
41.95	6.84
41.97	6.84
42	6.86
42.02	6.85
42.05	6.9
42.07	6.9
42.1	6.94
42.12	6.9
42.14	6.91
42.17	6.86
42.19	6.93
42.22	6.89
42.24	6.91
42.27	6.85
42.29	6.89
42.31	6.88
42.34	6.94
42.36	6.85
42.39	6.86
42.41	6.78
42.44	6.82
42.46	6.79
42.49	6.81
42.51	6.73
42.53	6.75
42.56	6.7
42.58	6.74
42.61	6.68
42.63	6.66
42.66	6.61
42.68	6.62
42.71	6.56
42.73	6.56
42.75	6.49
42.78	6.44
42.8	6.37
42.83	6.34
42.85	6.3
42.88	6.28
42.9	6.23
42.93	6.21
42.95	6.18
42.97	6.15
43	6.11
43.02	6.07
43.05	6.04
43.07	5.97
43.1	5.9
43.12	5.86
43.15	5.82
43.17	5.77
43.19	5.76
43.22	5.7
43.24	5.65
43.27	5.62
43.29	5.57
43.32	5.53
43.34	5.47
43.36	5.4
43.39	5.37
43.41	5.32
43.44	5.27
43.46	5.22
43.49	5.19
43.51	5.15
43.54	5.09
43.56	5.04
43.58	5.03
43.61	5
43.63	4.99
43.66	4.94
43.68	4.91
43.71	4.86
43.73	4.85
43.76	4.81
43.78	4.8
43.8	4.73
43.83	4.71
43.85	4.64
43.88	4.65
43.9	4.6
43.93	4.61
43.95	4.52
43.98	4.54
44	4.5
44.02	4.52
44.05	4.48
44.07	4.48
44.1	4.41
44.12	4.45
44.15	4.39
44.17	4.4
44.2	4.34
44.22	4.35
44.24	4.31
44.27	4.33
44.29	4.3
44.32	4.32
44.34	4.29
44.37	4.33
44.39	4.34
44.41	4.37
44.44	4.36
44.46	4.37
44.49	4.37
44.51	4.38
44.54	4.4
44.56	4.39
44.59	4.38
44.61	4.37
44.63	4.37
44.66	4.42
44.68	4.44
44.71	4.44
44.73	4.44
44.76	4.46
44.78	4.51
44.81	4.53
44.83	4.53
44.85	4.56
44.88	4.59
44.9	4.64
44.93	4.68
44.95	4.68
44.98	4.74
45	4.76
45.03	4.78
45.05	4.85
45.07	4.87
45.1	4.91
45.12	4.99
45.15	5.03
45.17	5.08
45.2	5.12
45.22	5.16
45.25	5.2
45.27	5.27
45.29	5.31
45.32	5.39
45.34	5.43
45.37	5.5
45.39	5.54
45.42	5.63
45.44	5.67
45.47	5.72
45.49	5.74
45.51	5.83
45.54	5.86
45.56	5.96
45.59	5.99
45.61	6.06
45.64	6.09
45.66	6.18
45.68	6.2
45.71	6.32
45.73	6.33
45.76	6.41
45.78	6.47
45.81	6.58
45.83	6.63
45.86	6.76
45.88	6.76
45.9	6.87
45.93	6.93
45.95	7.03
45.98	7.07
46	7.15
46.03	7.16
46.05	7.27
46.08	7.28
46.1	7.36
46.12	7.4
46.15	7.47
46.17	7.54
46.2	7.63
46.22	7.7
46.25	7.82
46.27	7.87
46.3	7.91
46.32	7.95
46.34	8
46.37	8.04
46.39	8.08
46.42	8.11
46.44	8.17
46.47	8.23
46.49	8.28
46.52	8.35
46.54	8.39
46.56	8.43
46.59	8.5
46.61	8.54
46.64	8.58
46.66	8.66
46.69	8.69
46.71	8.73
46.73	8.77
46.76	8.76
46.78	8.79
46.81	8.8
46.83	8.79
46.86	8.81
46.88	8.84
46.91	8.87
46.93	8.89
46.95	8.88
46.98	8.92
47	8.94
47.03	8.91
47.05	8.89
47.08	8.84
47.1	8.84
47.13	8.84
47.15	8.81
47.17	8.78
47.2	8.78
47.22	8.74
47.25	8.77
47.27	8.72
47.3	8.72
47.32	8.67
47.35	8.65
47.37	8.6
47.39	8.62
47.42	8.55
47.44	8.54
47.47	8.45
47.49	8.43
47.52	8.38
47.54	8.34
47.57	8.24
47.59	8.22
47.61	8.14
47.64	8.13
47.66	8.03
47.69	8
47.71	7.94
47.74	7.91
47.76	7.82
47.78	7.78
47.81	7.68
47.83	7.64
47.86	7.55
47.88	7.48
47.91	7.42
47.93	7.37
47.96	7.29
47.98	7.24
48	7.17
48.03	7.11
48.05	7.08
48.08	7.03
48.1	6.99
48.13	6.93
48.15	6.88
48.18	6.84
48.2	6.78
48.22	6.69
48.25	6.64
48.27	6.54
48.3	6.48
48.32	6.41
48.35	6.34
48.37	6.28
48.4	6.22
48.42	6.14
48.44	6.14
48.47	6.08
48.49	6
48.52	5.97
48.54	5.92
48.57	5.88
48.59	5.84
48.62	5.77
48.64	5.74
48.66	5.7
48.69	5.66
48.71	5.63
48.74	5.58
48.76	5.54
48.79	5.55
48.81	5.52
48.84	5.52
48.86	5.51
48.88	5.48
48.91	5.49
48.93	5.49
48.96	5.44
48.98	5.42
49.01	5.41
49.03	5.39
49.05	5.36
49.08	5.34
49.1	5.32
49.13	5.33
49.15	5.33
49.18	5.35
49.2	5.34
49.23	5.37
49.25	5.34
49.27	5.37
49.3	5.35
49.32	5.38
49.35	5.34
49.37	5.38
49.4	5.35
49.42	5.42
49.45	5.41
49.47	5.46
49.49	5.44
49.52	5.5
49.54	5.5
49.57	5.57
49.59	5.55
49.62	5.6
49.64	5.61
49.67	5.69
49.69	5.69
49.71	5.75
49.74	5.75
49.76	5.83
49.79	5.85
49.81	5.91
49.84	5.92
49.86	5.97
49.89	6
49.91	6.09
49.93	6.15
49.96	6.22
49.98	6.26
50.01	6.32
50.03	6.4
50.06	6.47
50.08	6.52
50.1	6.57
50.13	6.63
50.15	6.72
50.18	6.8
50.2	6.85
50.23	6.91
50.25	6.97
50.28	7.04
50.3	7.12
50.32	7.18
50.35	7.25
50.37	7.35
50.4	7.43
50.42	7.53
50.45	7.6
50.47	7.66
50.5	7.74
50.52	7.82
50.54	7.89
50.57	7.97
50.59	8.04
50.62	8.11
50.64	8.23
50.67	8.3
50.69	8.39
50.72	8.48
50.74	8.55
50.76	8.66
50.79	8.75
50.81	8.83
50.84	8.93
50.86	9.03
50.89	9.09
50.91	9.19
50.94	9.23
50.96	9.34
50.98	9.4
51.01	9.5
51.03	9.54
51.06	9.66
51.08	9.71
51.11	9.89
51.13	9.93
51.15	10.03
51.18	10.06
51.2	10.19
51.23	10.22
51.25	10.33
51.28	10.29
51.3	10.38
51.33	10.37
51.35	10.48
51.37	10.52
51.4	10.59
51.42	10.59
51.45	10.68
51.47	10.71
51.5	10.83
51.52	10.82
51.55	10.85
51.57	10.88
51.59	10.91
51.62	10.92
51.64	10.96
51.67	10.94
51.69	10.97
51.72	10.96
51.74	10.99
51.77	11.04
51.79	11.06
51.81	11.05
51.84	11.05
51.86	11.05
51.89	11.05
51.91	11.04
51.94	11
51.96	10.99
51.99	10.96
52.01	10.94
52.03	10.92
52.06	10.89
52.08	10.84
52.11	10.82
52.13	10.76
52.16	10.72
52.18	10.67
52.2	10.62
52.23	10.57
52.25	10.51
52.28	10.46
52.3	10.43
52.33	10.36
52.35	10.31
52.38	10.23
52.4	10.17
52.42	10.12
52.45	10.04
52.47	9.95
52.5	9.89
52.52	9.8
52.55	9.75
52.57	9.69
52.6	9.61
52.62	9.52
52.64	9.48
52.67	9.41
52.69	9.35
52.72	9.25
52.74	9.17
52.77	9.07
52.79	9.01
52.82	8.9
52.84	8.83
52.86	8.72
52.89	8.65
52.91	8.54
52.94	8.51
52.96	8.43
52.99	8.36
53.01	8.26
53.04	8.23
53.06	8.14
53.08	8.09
53.11	7.99
53.13	7.92
53.16	7.85
53.18	7.8
53.21	7.7
53.23	7.67
53.26	7.57
53.28	7.5
53.3	7.45
53.33	7.41
53.35	7.33
53.38	7.27
53.4	7.19
53.43	7.17
53.45	7.13
53.47	7.09
53.5	7.02
53.52	6.96
53.55	6.91
53.57	6.88
53.6	6.82
53.62	6.79
53.65	6.75
53.67	6.71
53.69	6.73
53.72	6.7
53.74	6.68
53.77	6.66
53.79	6.62
53.82	6.6
53.84	6.59
53.87	6.54
53.89	6.55
53.91	6.54
53.94	6.54
53.96	6.55
53.99	6.55
54.01	6.55
54.04	6.57
54.06	6.56
54.09	6.58
54.11	6.59
54.13	6.59
54.16	6.59
54.18	6.6
54.21	6.61
54.23	6.66
54.26	6.63
54.28	6.66
54.31	6.68
54.33	6.72
54.35	6.76
54.38	6.8
54.4	6.79
54.43	6.89
54.45	6.91
54.48	6.98
54.5	7.01
54.52	7.07
54.55	7.07
54.57	7.16
54.6	7.16
54.62	7.26
54.65	7.27
54.67	7.34
54.7	7.38
54.72	7.48
54.74	7.51
54.77	7.59
54.79	7.6
54.82	7.71
54.84	7.76
54.87	7.86
54.89	7.91
54.92	8.01
54.94	8.07
54.96	8.19
54.99	8.24
55.01	8.35
55.04	8.42
55.06	8.52
55.09	8.59
55.11	8.69
55.14	8.77
55.16	8.9
55.18	8.97
55.21	9.06
55.23	9.13
55.26	9.23
55.28	9.34
55.31	9.44
55.33	9.52
55.36	9.63
55.38	9.72
55.4	9.83
55.43	9.94
55.45	10.03
55.48	10.13
55.5	10.22
55.53	10.31
55.55	10.42
55.57	10.52
55.6	10.63
55.62	10.74
55.65	10.85
55.67	10.97
55.7	11.09
55.72	11.16
55.75	11.25
55.77	11.34
55.79	11.43
55.82	11.51
55.84	11.59
55.87	11.66
55.89	11.79
55.92	11.89
55.94	11.97
55.97	12.05
55.99	12.1
56.01	12.22
56.04	12.32
56.06	12.4
56.09	12.46
56.11	12.54
56.14	12.6
56.16	12.74
56.19	12.78
56.21	12.88
56.23	12.9
56.26	12.99
56.28	13.03
56.31	13.14
56.33	13.14
56.36	13.22
56.38	13.2
56.41	13.3
56.43	13.32
56.45	13.37
56.48	13.35
56.5	13.42
56.53	13.42
56.55	13.49
56.58	13.46
56.6	13.48
56.62	13.49
56.65	13.51
56.67	13.48
56.7	13.49
56.72	13.44
56.75	13.44
56.77	13.4
56.8	13.38
56.82	13.39
56.84	13.38
56.87	13.35
56.89	13.35
56.92	13.31
56.94	13.29
56.97	13.25
56.99	13.19
57.02	13.15
57.04	13.08
57.06	13.01
57.09	12.96
57.11	12.89
57.14	12.82
57.16	12.77
57.19	12.64
57.21	12.59
57.24	12.53
57.26	12.44
57.28	12.38
57.31	12.31
57.33	12.18
57.36	12.13
57.38	12.03
57.41	11.91
57.43	11.81
57.46	11.71
57.48	11.61
57.5	11.53
57.53	11.45
57.55	11.38
57.58	11.29
57.6	11.22
57.63	11.14
57.65	11.05
57.68	10.94
57.7	10.87
57.72	10.75
57.75	10.68
57.77	10.56
57.8	10.46
57.82	10.34
57.85	10.25
57.87	10.14
57.89	10.08
57.92	9.93
57.94	9.86
57.97	9.75
57.99	9.7
58.02	9.61
58.04	9.54
58.07	9.41
58.09	9.39
58.11	9.29
58.14	9.24
58.16	9.13
58.19	9.07
58.21	8.99
58.24	8.97
58.26	8.89
58.29	8.86
58.31	8.73
58.33	8.69
58.36	8.63
58.38	8.59
58.41	8.5
58.43	8.46
58.46	8.4
58.48	8.4
58.51	8.36
58.53	8.32
58.55	8.28
58.58	8.24
58.6	8.21
58.63	8.18
58.65	8.15
58.68	8.14
58.7	8.1
58.73	8.08
58.75	8.07
58.77	8.05
58.8	8.04
58.82	8.03
58.85	8.02
58.87	8.03
58.9	8.05
58.92	8.05
58.94	8.08
58.97	8.09
58.99	8.11
59.02	8.13
59.04	8.13
59.07	8.13
59.09	8.16
59.12	8.17
59.14	8.2
59.16	8.25
59.19	8.28
59.21	8.34
59.24	8.41
59.26	8.46
59.29	8.51
59.31	8.55
59.34	8.59
59.36	8.63
59.38	8.7
59.41	8.76
59.43	8.83
59.46	8.88
59.48	8.96
59.51	9.01
59.53	9.1
59.56	9.17
59.58	9.25
59.6	9.27
59.63	9.36
59.65	9.4
59.68	9.53
59.7	9.57
59.73	9.67
59.75	9.71
59.78	9.83
59.8	9.92
59.82	10.09
59.85	10.11
59.87	10.24
59.9	10.3
59.92	10.45
59.95	10.58
59.97	10.68
59.99	10.73
