U1	IA
0.02	0.56
0.04	0.54
0.07	0.54
0.09	0.51
0.12	0.52
0.14	0.53
0.17	0.52
0.19	0.52
0.21	0.57
0.24	0.56
0.26	0.59
0.29	0.58
0.31	0.58
0.34	0.59
0.36	0.6
0.39	0.56
0.41	0.59
0.43	0.56
0.46	0.58
0.48	0.56
0.51	0.6
0.53	0.57
0.56	0.63
0.58	0.55
0.61	0.61
0.63	0.58
0.65	0.65
0.68	0.63
0.7	0.64
0.73	0.57
0.75	0.65
0.78	0.58
0.8	0.62
0.83	0.53
0.85	0.52
0.87	0.51
0.9	0.55
0.92	0.49
0.95	0.56
0.97	0.51
1	0.6
1.02	0.59
1.05	0.6
1.07	0.61
1.09	0.65
1.12	0.61
1.14	0.64
1.17	0.62
1.19	0.64
1.22	0.67
1.24	0.61
1.26	0.58
1.29	0.62
1.31	0.6
1.34	0.59
1.36	0.58
1.39	0.54
1.41	0.6
1.44	0.61
1.46	0.61
1.48	0.62
1.51	0.63
1.53	0.6
1.56	0.6
1.58	0.58
1.61	0.57
1.63	0.54
1.66	0.52
1.68	0.53
1.7	0.53
1.73	0.51
1.75	0.48
1.78	0.44
1.8	0.43
1.83	0.39
1.85	0.32
1.88	0.29
1.9	0.3
1.92	0.31
1.95	0.34
1.97	0.32
2	0.38
2.02	0.39
2.05	0.49
2.07	0.51
2.1	0.55
2.12	0.54
2.14	0.64
2.17	0.61
2.19	0.7
2.22	0.66
2.24	0.71
2.27	0.63
2.29	0.69
2.31	0.61
2.34	0.74
2.36	0.66
2.39	0.67
2.41	0.61
2.44	0.71
2.46	0.67
2.49	0.72
2.51	0.6
2.53	0.66
2.56	0.64
2.58	0.7
2.61	0.63
2.63	0.65
2.66	0.61
2.68	0.68
2.71	0.63
2.73	0.66
2.75	0.63
2.78	0.65
2.8	0.63
2.83	0.68
2.85	0.67
2.88	0.73
2.9	0.7
2.93	0.67
2.95	0.63
2.97	0.63
3	0.61
3.02	0.59
3.05	0.57
3.07	0.55
3.1	0.53
3.12	0.55
3.15	0.57
3.17	0.56
3.19	0.56
3.22	0.53
3.24	0.51
3.27	0.54
3.29	0.56
3.32	0.55
3.34	0.56
3.36	0.58
3.39	0.61
3.41	0.64
3.44	0.65
3.46	0.64
3.49	0.65
3.51	0.64
3.54	0.66
3.56	0.62
3.58	0.63
3.61	0.66
3.63	0.68
3.66	0.64
3.68	0.65
3.71	0.59
3.73	0.68
3.76	0.64
3.78	0.66
3.8	0.61
3.83	0.62
3.85	0.56
3.88	0.66
3.9	0.59
3.93	0.63
3.95	0.54
3.98	0.61
4	0.59
4.02	0.69
4.05	0.59
4.07	0.61
4.1	0.57
4.12	0.65
4.15	0.63
4.17	0.66
4.2	0.56
4.22	0.63
4.24	0.61
4.27	0.67
4.29	0.61
4.32	0.63
4.34	0.6
4.37	0.64
4.39	0.59
4.42	0.64
4.44	0.59
4.46	0.6
4.49	0.56
4.51	0.58
4.54	0.58
4.56	0.59
4.59	0.56
4.61	0.56
4.63	0.54
4.66	0.54
4.68	0.56
4.71	0.56
4.73	0.58
4.76	0.57
4.78	0.6
4.81	0.61
4.83	0.64
4.85	0.62
4.88	0.64
4.9	0.61
4.93	0.6
4.95	0.57
4.98	0.58
5	0.57
5.03	0.58
5.05	0.59
5.07	0.62
5.1	0.6
5.12	0.62
5.15	0.64
5.17	0.66
5.2	0.65
5.22	0.64
5.25	0.62
5.27	0.67
5.29	0.66
5.32	0.67
5.34	0.65
5.37	0.65
5.39	0.59
5.42	0.63
5.44	0.61
5.47	0.63
5.49	0.58
5.51	0.59
5.54	0.55
5.56	0.67
5.59	0.62
5.61	0.69
5.64	0.62
5.66	0.68
5.68	0.64
5.71	0.74
5.73	0.67
5.76	0.7
5.78	0.63
5.81	0.71
5.83	0.67
5.86	0.72
5.88	0.63
5.9	0.67
5.93	0.63
5.95	0.68
5.98	0.62
6	0.65
6.03	0.56
6.05	0.58
6.08	0.54
6.1	0.56
6.12	0.5
6.15	0.52
6.17	0.49
6.2	0.55
6.22	0.59
6.25	0.62
6.27	0.59
6.3	0.6
6.32	0.58
6.34	0.63
6.37	0.64
6.39	0.62
6.42	0.6
6.44	0.64
6.47	0.68
6.49	0.7
6.52	0.69
6.54	0.7
6.56	0.7
6.59	0.69
6.61	0.69
6.64	0.68
6.66	0.68
6.69	0.66
6.71	0.65
6.73	0.65
6.76	0.64
6.78	0.63
6.81	0.62
6.83	0.6
6.86	0.62
6.88	0.61
6.91	0.6
6.93	0.59
6.95	0.6
6.98	0.58
7	0.64
7.03	0.59
7.05	0.6
7.08	0.6
7.1	0.64
7.13	0.63
7.15	0.67
7.17	0.6
7.2	0.66
7.22	0.61
7.25	0.67
7.27	0.62
7.3	0.66
7.32	0.54
7.35	0.61
7.37	0.52
7.39	0.62
7.42	0.53
7.44	0.55
7.47	0.53
7.49	0.63
7.52	0.58
7.54	0.66
7.57	0.55
7.59	0.6
7.61	0.58
7.64	0.63
7.66	0.57
7.69	0.6
7.71	0.55
7.74	0.62
7.76	0.61
7.78	0.65
7.81	0.63
7.83	0.63
7.86	0.62
7.88	0.65
7.91	0.66
7.93	0.68
7.96	0.65
7.98	0.64
8	0.63
8.03	0.66
8.05	0.66
8.08	0.65
8.1	0.64
8.13	0.64
8.15	0.62
8.18	0.65
8.2	0.66
8.22	0.64
8.25	0.63
8.27	0.62
8.3	0.61
8.32	0.64
8.35	0.62
8.37	0.58
8.4	0.6
8.42	0.62
8.44	0.61
8.47	0.61
8.49	0.6
8.52	0.59
8.54	0.65
8.57	0.62
8.59	0.61
8.62	0.6
8.64	0.61
8.66	0.66
8.69	0.7
8.71	0.64
8.74	0.65
8.76	0.58
8.79	0.63
8.81	0.62
8.84	0.61
8.86	0.56
8.88	0.61
8.91	0.56
8.93	0.69
8.96	0.64
8.98	0.68
9.01	0.62
9.03	0.69
9.05	0.65
9.08	0.76
9.1	0.67
9.13	0.71
9.15	0.69
9.18	0.77
9.2	0.74
9.23	0.77
9.25	0.69
9.27	0.77
9.3	0.73
9.32	0.78
9.35	0.73
9.37	0.75
9.4	0.74
9.42	0.77
9.45	0.69
9.47	0.72
9.49	0.64
9.52	0.62
9.54	0.61
9.57	0.61
9.59	0.61
9.62	0.64
9.64	0.64
9.67	0.68
9.69	0.66
9.71	0.65
9.74	0.69
9.76	0.69
9.79	0.7
9.81	0.71
9.84	0.71
9.86	0.71
9.89	0.74
9.91	0.72
9.93	0.73
9.96	0.73
9.98	0.7
10.01	0.73
10.03	0.74
10.06	0.75
10.08	0.73
10.1	0.72
10.13	0.76
10.15	0.76
10.18	0.74
10.2	0.77
10.23	0.76
10.25	0.75
10.28	0.77
10.3	0.72
10.32	0.74
10.35	0.74
10.37	0.74
10.4	0.72
10.42	0.74
10.45	0.69
10.47	0.76
10.5	0.75
10.52	0.79
10.54	0.73
10.57	0.75
10.59	0.69
10.62	0.78
10.64	0.7
10.67	0.78
10.69	0.71
10.72	0.82
10.74	0.8
10.76	0.91
10.79	0.84
10.81	0.9
10.84	0.83
10.86	0.94
10.89	0.89
10.91	0.91
10.94	0.81
10.96	0.86
10.98	0.8
11.01	0.86
11.03	0.78
11.06	0.79
11.08	0.75
11.11	0.81
11.13	0.79
11.15	0.84
11.18	0.78
11.2	0.81
11.23	0.78
11.25	0.79
11.28	0.78
11.3	0.8
11.33	0.76
11.35	0.77
11.37	0.72
11.4	0.74
11.42	0.75
11.45	0.74
11.47	0.72
11.5	0.72
11.52	0.7
11.55	0.7
11.57	0.68
11.59	0.72
11.62	0.73
11.64	0.75
11.67	0.78
11.69	0.77
11.72	0.79
11.74	0.81
11.77	0.79
11.79	0.78
11.81	0.78
11.84	0.76
11.86	0.78
11.89	0.8
11.91	0.82
11.94	0.81
11.96	0.81
11.99	0.79
12.01	0.81
12.03	0.81
12.06	0.84
12.08	0.78
12.11	0.78
12.13	0.76
12.16	0.79
12.18	0.76
12.21	0.82
12.23	0.74
12.25	0.79
12.28	0.76
12.3	0.85
12.33	0.84
12.35	0.93
12.38	0.82
12.4	0.89
12.42	0.84
12.45	0.9
12.47	0.79
12.5	0.81
12.52	0.71
12.55	0.8
12.57	0.73
12.6	0.78
12.62	0.7
12.64	0.78
12.67	0.75
12.69	0.81
12.72	0.75
12.74	0.81
12.77	0.78
12.79	0.84
12.82	0.83
12.84	0.85
12.86	0.85
12.89	0.88
12.91	0.84
12.94	0.88
12.96	0.87
12.99	0.91
13.01	0.9
13.04	0.89
13.06	0.9
13.08	0.91
13.11	0.91
13.13	0.94
13.16	0.89
13.18	0.87
13.21	0.87
13.23	0.86
13.26	0.87
13.28	0.83
13.3	0.8
13.33	0.81
13.35	0.82
13.38	0.82
13.4	0.83
13.43	0.82
13.45	0.87
13.47	0.88
13.5	0.89
13.52	0.88
13.55	0.91
13.57	0.89
13.6	0.93
13.62	0.89
13.65	0.91
13.67	0.88
13.69	0.93
13.72	0.93
13.74	0.98
13.77	0.91
13.79	0.99
13.82	0.93
13.84	0.98
13.87	0.95
13.89	0.95
13.91	0.86
13.94	0.92
13.96	0.81
13.99	0.91
14.01	0.86
14.04	0.9
14.06	0.85
14.09	0.93
14.11	0.9
14.13	0.99
14.16	0.9
14.18	0.96
14.21	0.92
14.23	1.02
14.26	1
14.28	1.03
14.31	0.96
14.33	1.02
14.35	0.96
14.38	1.01
14.4	0.95
14.43	0.98
14.45	0.96
14.48	1.01
14.5	1
14.52	1.08
14.55	1.06
14.57	1.07
14.6	1.03
14.62	1.03
14.65	1.02
14.67	1.03
14.7	0.99
14.72	0.98
14.74	0.92
14.77	0.95
14.79	0.96
14.82	0.96
14.84	0.95
14.87	0.91
14.89	0.89
14.92	0.94
14.94	0.94
14.96	0.93
14.99	0.94
15.01	0.96
15.04	0.99
15.06	1.03
15.09	1.01
15.11	0.99
15.14	1
15.16	1
15.18	1
15.21	0.99
15.23	0.99
15.26	1.03
15.28	1.06
15.31	1.03
15.33	1.05
15.36	1.01
15.38	1.05
15.4	1.03
15.43	1.04
15.45	1.01
15.48	1.03
15.5	0.97
15.53	1.03
15.55	1
15.57	1.04
15.6	0.96
15.62	1.02
15.65	0.97
15.67	1.08
15.7	1.03
15.72	1.09
15.75	1.01
15.77	1.09
15.79	1.06
15.82	1.12
15.84	1.02
15.87	1.05
15.89	0.99
15.92	1.09
15.94	1.05
15.97	1.06
15.99	1.01
16.01	1.06
16.04	1.01
16.06	1.08
16.09	1.03
16.11	1.05
16.14	1.05
16.16	1.09
16.19	1.09
16.21	1.12
16.23	1.06
16.26	1.04
16.28	1
16.31	0.99
16.33	0.97
16.36	0.99
16.38	0.97
16.41	0.98
16.43	0.99
16.45	1.02
16.48	1.02
16.5	1.02
16.53	1.04
16.55	1.02
16.58	1.01
16.6	0.99
16.63	1
16.65	1.04
16.67	1.06
16.7	1.02
16.72	1.07
16.75	1.09
16.77	1.1
16.8	1.11
16.82	1.08
16.84	1.08
16.87	1.11
16.89	1.09
16.92	1.1
16.94	1.1
16.97	1.1
16.99	1.1
17.02	1.11
17.04	1.08
17.06	1.11
17.09	1.09
17.11	1.13
17.14	1.11
17.16	1.11
17.19	1.05
17.21	1.11
17.24	1.06
17.26	1.15
17.28	1.08
17.31	1.12
17.33	1.1
17.36	1.2
17.38	1.17
17.41	1.26
17.43	1.15
17.46	1.24
17.48	1.21
17.5	1.27
17.53	1.19
17.55	1.24
17.58	1.17
17.6	1.24
17.63	1.19
17.65	1.24
17.68	1.13
17.7	1.18
17.72	1.14
17.75	1.19
17.77	1.14
17.8	1.15
17.82	1.09
17.85	1.16
17.87	1.17
17.89	1.19
17.92	1.18
17.94	1.21
17.97	1.2
17.99	1.26
18.02	1.29
18.04	1.3
18.07	1.3
18.09	1.28
18.11	1.29
18.14	1.31
18.16	1.29
18.19	1.3
18.21	1.28
18.24	1.26
18.26	1.29
18.29	1.31
18.31	1.33
18.33	1.32
18.36	1.32
18.38	1.32
18.41	1.31
18.43	1.3
18.46	1.28
18.48	1.25
18.51	1.27
18.53	1.27
18.55	1.28
18.58	1.29
18.6	1.3
18.63	1.28
18.65	1.31
18.68	1.28
18.7	1.28
18.73	1.28
18.75	1.32
18.77	1.32
18.8	1.36
18.82	1.31
18.85	1.36
18.87	1.33
18.9	1.36
18.92	1.31
18.94	1.37
18.97	1.29
18.99	1.34
19.02	1.28
19.04	1.36
19.07	1.3
19.09	1.36
19.12	1.28
19.14	1.35
19.16	1.32
19.19	1.39
19.21	1.29
19.24	1.32
19.26	1.27
19.29	1.35
19.31	1.3
19.34	1.34
19.36	1.26
19.38	1.32
19.41	1.26
19.43	1.31
19.46	1.28
19.48	1.34
19.51	1.3
19.53	1.34
19.56	1.35
19.58	1.41
19.6	1.39
19.63	1.38
19.65	1.33
19.68	1.35
19.7	1.36
19.73	1.38
19.75	1.36
19.78	1.35
19.8	1.34
19.82	1.34
19.85	1.33
19.87	1.31
19.9	1.29
19.92	1.28
19.95	1.27
19.97	1.3
19.99	1.31
20.02	1.31
20.04	1.32
20.07	1.3
20.09	1.3
20.12	1.3
20.14	1.27
20.17	1.27
20.19	1.29
20.21	1.3
20.24	1.32
20.26	1.32
20.29	1.34
20.31	1.35
20.34	1.37
20.36	1.33
20.39	1.33
20.41	1.29
20.43	1.31
20.46	1.28
20.48	1.32
20.51	1.27
20.53	1.31
20.56	1.26
20.58	1.31
20.61	1.27
20.63	1.32
20.65	1.24
20.68	1.27
20.7	1.22
20.73	1.31
20.75	1.26
20.78	1.3
20.8	1.23
20.83	1.3
20.85	1.27
20.87	1.3
20.9	1.21
20.92	1.28
20.95	1.25
20.97	1.33
21	1.29
21.02	1.36
21.05	1.34
21.07	1.41
21.09	1.36
21.12	1.41
21.14	1.37
21.17	1.39
21.19	1.35
21.22	1.36
21.24	1.35
21.26	1.39
21.29	1.36
21.31	1.36
21.34	1.33
21.36	1.35
21.39	1.38
21.41	1.39
21.44	1.38
21.46	1.36
21.48	1.36
21.51	1.38
21.53	1.38
21.56	1.35
21.58	1.34
21.61	1.3
21.63	1.31
21.66	1.32
21.68	1.32
21.7	1.34
21.73	1.36
21.75	1.38
21.78	1.45
21.8	1.48
21.83	1.48
21.85	1.49
21.88	1.5
21.9	1.5
21.92	1.49
21.95	1.44
21.97	1.49
22	1.48
22.02	1.51
22.05	1.51
22.07	1.53
22.1	1.52
22.12	1.61
22.14	1.58
22.17	1.63
22.19	1.61
22.22	1.63
22.24	1.58
22.27	1.67
22.29	1.6
22.31	1.64
22.34	1.56
22.36	1.62
22.39	1.6
22.41	1.7
22.44	1.64
22.46	1.68
22.49	1.65
22.51	1.76
22.53	1.71
22.56	1.78
22.58	1.71
22.61	1.74
22.63	1.71
22.66	1.79
22.68	1.72
22.71	1.76
22.73	1.69
22.75	1.77
22.78	1.76
22.8	1.82
22.83	1.76
22.85	1.81
22.88	1.81
22.9	1.83
22.93	1.8
22.95	1.86
22.97	1.83
23	1.82
23.02	1.77
23.05	1.78
23.07	1.75
23.1	1.78
23.12	1.74
23.15	1.76
23.17	1.79
23.19	1.81
23.22	1.82
23.24	1.87
23.27	1.87
23.29	1.84
23.32	1.84
23.34	1.8
23.36	1.83
23.39	1.83
23.41	1.81
23.44	1.83
23.46	1.86
23.49	1.84
23.51	1.86
23.54	1.83
23.56	1.83
23.58	1.86
23.61	1.85
23.63	1.83
23.66	1.87
23.68	1.89
23.71	1.93
23.73	1.89
23.76	1.86
23.78	1.81
23.8	1.84
23.83	1.82
23.85	1.83
23.88	1.76
23.9	1.79
23.93	1.76
23.95	1.82
23.98	1.79
24	1.85
24.02	1.78
24.05	1.82
24.07	1.76
24.1	1.85
24.12	1.79
24.15	1.84
24.17	1.74
24.2	1.81
24.22	1.8
24.24	1.87
24.27	1.76
24.29	1.78
24.32	1.73
24.34	1.8
24.37	1.74
24.39	1.75
24.42	1.68
24.44	1.74
24.46	1.72
24.49	1.73
24.51	1.7
24.54	1.73
24.56	1.69
24.59	1.73
24.61	1.73
24.63	1.75
24.66	1.73
24.68	1.72
24.71	1.7
24.73	1.74
24.76	1.73
24.78	1.76
24.81	1.73
24.83	1.73
24.85	1.75
24.88	1.75
24.9	1.74
24.93	1.75
24.95	1.7
24.98	1.71
25	1.71
25.03	1.7
25.05	1.73
25.07	1.73
25.1	1.72
25.12	1.71
25.15	1.71
25.17	1.69
25.2	1.7
25.22	1.66
25.25	1.66
25.27	1.64
25.29	1.64
25.32	1.61
25.34	1.63
25.37	1.61
25.39	1.64
25.42	1.61
25.44	1.65
25.47	1.63
25.49	1.7
25.51	1.67
25.54	1.7
25.56	1.65
25.59	1.68
25.61	1.63
25.64	1.69
25.66	1.63
25.68	1.7
25.71	1.66
25.73	1.69
25.76	1.63
25.78	1.72
25.81	1.67
25.83	1.74
25.86	1.66
25.88	1.73
25.9	1.72
25.93	1.79
25.95	1.71
25.98	1.75
26	1.7
26.03	1.78
26.05	1.72
26.08	1.79
26.1	1.73
26.12	1.81
26.15	1.77
26.17	1.86
26.2	1.83
26.22	1.88
26.25	1.85
26.27	1.89
26.3	1.89
26.32	1.93
26.34	1.88
26.37	1.87
26.39	1.82
26.42	1.86
26.44	1.88
26.47	1.92
26.49	1.92
26.52	1.94
26.54	1.94
26.56	1.99
26.59	1.98
26.61	2
26.64	2
26.66	1.98
26.69	1.99
26.71	2.01
26.73	2.02
26.76	2.07
26.78	2.09
26.81	2.1
26.83	2.14
26.86	2.14
26.88	2.17
26.91	2.2
26.93	2.18
26.95	2.19
26.98	2.19
27	2.15
27.03	2.21
27.05	2.22
27.08	2.25
27.1	2.23
27.13	2.24
27.15	2.24
27.17	2.34
27.2	2.31
27.22	2.35
27.25	2.3
27.27	2.33
27.3	2.3
27.32	2.39
27.35	2.35
27.37	2.42
27.39	2.35
27.42	2.41
27.44	2.38
27.47	2.48
27.49	2.42
27.52	2.46
27.54	2.39
27.57	2.5
27.59	2.49
27.61	2.56
27.64	2.52
27.66	2.56
27.69	2.52
27.71	2.62
27.74	2.56
27.76	2.61
27.78	2.55
27.81	2.61
27.83	2.57
27.86	2.61
27.88	2.57
27.91	2.63
27.93	2.58
27.96	2.61
27.98	2.58
28	2.64
28.03	2.63
28.05	2.61
28.08	2.56
28.1	2.58
28.13	2.59
28.15	2.6
28.18	2.58
28.2	2.57
28.22	2.56
28.25	2.58
28.27	2.55
28.3	2.53
28.32	2.51
28.35	2.47
28.37	2.48
28.4	2.45
28.42	2.45
28.44	2.45
28.47	2.44
28.49	2.46
28.52	2.46
28.54	2.42
28.57	2.45
28.59	2.42
28.62	2.42
28.64	2.43
28.66	2.4
28.69	2.39
28.71	2.43
28.74	2.42
28.76	2.43
28.79	2.41
28.81	2.38
28.84	2.36
28.86	2.39
28.88	2.34
28.91	2.37
28.93	2.31
28.96	2.31
28.98	2.27
29.01	2.33
29.03	2.28
29.05	2.32
29.08	2.23
29.1	2.28
29.13	2.23
29.15	2.3
29.18	2.22
29.2	2.27
29.23	2.18
29.25	2.26
29.27	2.23
29.3	2.26
29.32	2.16
29.35	2.17
29.37	2.11
29.4	2.18
29.42	2.11
29.45	2.13
29.47	2.07
29.49	2.14
29.52	2.1
29.54	2.13
29.57	2.08
29.59	2.1
29.62	2.04
29.64	2.06
29.67	2.03
29.69	2.07
29.71	2.04
29.74	2.01
29.76	1.97
29.79	1.99
29.81	2
29.84	2
29.86	1.97
29.89	1.97
29.91	1.98
29.93	1.99
29.96	1.99
29.98	1.96
30.01	1.94
30.03	1.95
30.06	1.93
30.08	1.93
30.1	1.96
30.13	1.97
30.15	2
30.18	2.03
30.2	2.05
30.23	2.07
30.25	2.08
30.28	2.06
30.3	2.06
30.32	2.05
30.35	2.04
30.37	2.06
30.4	2.07
30.42	2.1
30.45	2.14
30.47	2.11
30.5	2.13
30.52	2.11
30.54	2.12
30.57	2.13
30.59	2.16
30.62	2.11
30.64	2.15
30.67	2.13
30.69	2.18
30.72	2.14
30.74	2.18
30.76	2.11
30.79	2.14
30.81	2.1
30.84	2.22
30.86	2.16
30.89	2.28
30.91	2.21
30.94	2.31
30.96	2.33
30.98	2.4
31.01	2.29
31.03	2.37
31.06	2.29
31.08	2.4
31.11	2.4
31.13	2.42
31.15	2.36
31.18	2.45
31.2	2.41
31.23	2.5
31.25	2.46
31.28	2.48
31.3	2.47
31.33	2.53
31.35	2.53
31.37	2.59
31.4	2.57
31.42	2.61
31.45	2.6
31.47	2.65
31.5	2.7
31.52	2.72
31.55	2.74
31.57	2.81
31.59	2.8
31.62	2.85
31.64	2.87
31.67	2.87
31.69	2.91
31.72	2.92
31.74	2.9
31.77	2.94
31.79	2.97
31.81	3
31.84	3.06
31.86	3.07
31.89	3.12
31.91	3.15
31.94	3.16
31.96	3.18
31.99	3.21
32.01	3.19
32.03	3.21
32.06	3.18
32.08	3.17
32.11	3.2
32.13	3.22
32.16	3.17
32.18	3.19
32.2	3.18
32.23	3.24
32.25	3.25
32.28	3.31
32.3	3.3
32.33	3.35
32.35	3.32
32.38	3.39
32.4	3.36
32.42	3.43
32.45	3.36
32.47	3.4
32.5	3.37
32.52	3.47
32.55	3.4
32.57	3.49
32.6	3.38
32.62	3.44
32.64	3.4
32.67	3.47
32.69	3.38
32.72	3.46
32.74	3.34
32.77	3.43
32.79	3.36
32.82	3.38
32.84	3.3
32.86	3.32
32.89	3.24
32.91	3.31
32.94	3.25
32.96	3.3
32.99	3.26
33.01	3.3
33.04	3.31
33.06	3.36
33.08	3.32
33.11	3.34
33.13	3.31
33.16	3.34
33.18	3.33
33.21	3.3
33.23	3.26
33.26	3.23
33.28	3.19
33.3	3.18
33.33	3.15
33.35	3.14
33.38	3.12
33.4	3.08
33.43	3.08
33.45	3.07
33.47	3.05
33.5	3.02
33.52	3
33.55	2.96
33.57	2.96
33.6	2.93
33.62	2.91
33.65	2.88
33.67	2.87
33.69	2.86
33.72	2.84
33.74	2.82
33.77	2.82
33.79	2.79
33.82	2.8
33.84	2.78
33.87	2.75
33.89	2.74
33.91	2.77
33.94	2.76
33.96	2.8
33.99	2.73
34.01	2.74
34.04	2.72
34.06	2.75
34.09	2.69
34.11	2.65
34.13	2.59
34.16	2.65
34.18	2.55
34.21	2.59
34.23	2.53
34.26	2.54
34.28	2.48
34.31	2.53
34.33	2.43
34.35	2.55
34.38	2.45
34.4	2.45
34.43	2.4
34.45	2.49
34.48	2.44
34.5	2.52
34.52	2.43
34.55	2.5
34.57	2.48
34.6	2.55
34.62	2.49
34.65	2.51
34.67	2.43
34.7	2.48
34.72	2.43
34.74	2.45
34.77	2.43
34.79	2.42
34.82	2.41
34.84	2.43
34.87	2.41
34.89	2.47
34.92	2.47
34.94	2.44
34.96	2.44
34.99	2.41
35.01	2.42
35.04	2.42
35.06	2.37
35.09	2.35
35.11	2.35
35.14	2.37
35.16	2.43
35.18	2.42
35.21	2.43
35.23	2.5
35.26	2.51
35.28	2.53
35.31	2.57
35.33	2.56
35.36	2.59
35.38	2.64
35.4	2.64
35.43	2.67
35.45	2.69
35.48	2.68
35.5	2.75
35.53	2.74
35.55	2.75
35.57	2.74
35.6	2.76
35.62	2.81
35.65	2.86
35.67	2.81
35.7	2.84
35.72	2.79
35.75	2.85
35.77	2.87
35.79	2.89
35.82	2.85
35.84	2.91
35.87	2.89
35.89	3.02
35.92	3.01
35.94	3.09
35.97	3.04
35.99	3.13
36.01	3.11
36.04	3.26
36.06	3.21
36.09	3.27
36.11	3.2
36.14	3.33
36.16	3.33
36.19	3.42
36.21	3.33
36.23	3.43
36.26	3.42
36.28	3.53
36.31	3.48
36.33	3.54
36.36	3.51
36.38	3.63
36.41	3.61
36.43	3.68
36.45	3.66
36.48	3.73
36.5	3.71
36.53	3.76
36.55	3.78
36.58	3.83
36.6	3.83
36.62	3.87
36.65	3.86
36.67	3.92
36.7	3.99
36.72	4.02
36.75	4.04
36.77	4.09
36.8	4.11
36.82	4.14
36.84	4.17
36.87	4.18
36.89	4.19
36.92	4.2
36.94	4.23
36.97	4.28
36.99	4.32
37.02	4.34
37.04	4.34
37.06	4.35
37.09	4.39
37.11	4.39
37.14	4.37
37.16	4.39
37.19	4.38
37.21	4.37
37.24	4.38
37.26	4.36
37.28	4.4
37.31	4.38
37.33	4.41
37.36	4.41
37.38	4.41
37.41	4.38
37.43	4.43
37.46	4.39
37.48	4.44
37.5	4.37
37.53	4.39
37.55	4.36
37.58	4.39
37.6	4.29
37.63	4.35
37.65	4.22
37.68	4.26
37.7	4.2
37.72	4.25
37.75	4.19
37.77	4.24
37.8	4.12
37.82	4.2
37.85	4.15
37.87	4.19
37.89	4.09
37.92	4.1
37.94	4.01
37.97	4.08
37.99	3.99
38.02	4.03
38.04	3.93
38.07	3.97
38.09	3.94
38.11	3.98
38.14	3.91
38.16	3.95
38.19	3.85
38.21	3.86
38.24	3.83
38.26	3.83
38.29	3.78
38.31	3.76
38.33	3.67
38.36	3.69
38.38	3.68
38.41	3.67
38.43	3.64
38.46	3.6
38.48	3.55
38.51	3.55
38.53	3.49
38.55	3.46
38.58	3.41
38.6	3.36
38.63	3.34
38.65	3.3
38.68	3.28
38.7	3.27
38.73	3.24
38.75	3.22
38.77	3.2
38.8	3.18
38.82	3.18
38.85	3.15
38.87	3.14
38.9	3.14
38.92	3.12
38.94	3.09
38.97	3.09
38.99	3.04
39.02	3.04
39.04	3
39.07	2.96
39.09	2.92
39.12	2.91
39.14	2.89
39.16	2.95
39.19	2.91
39.21	2.93
39.24	2.89
39.26	2.93
39.29	2.94
39.31	2.96
39.34	2.87
39.36	2.91
39.38	2.81
39.41	2.91
39.43	2.87
39.46	2.89
39.48	2.81
39.51	2.88
39.53	2.85
39.56	2.93
39.58	2.84
39.6	2.86
39.63	2.82
39.65	2.92
39.68	2.9
39.7	2.94
39.73	2.88
39.75	2.95
39.78	2.93
39.8	3.02
39.82	2.96
39.85	2.96
39.87	2.93
39.9	3
39.92	2.97
39.95	3.03
39.97	2.98
39.99	2.97
40.02	2.99
40.04	3.02
40.07	3
40.09	3.06
40.12	3
40.14	3.02
40.17	3.01
40.19	3.02
40.21	3.06
40.24	3.09
40.26	3.08
40.29	3.14
40.31	3.15
40.34	3.19
40.36	3.25
40.39	3.27
40.41	3.3
40.43	3.35
40.46	3.38
40.48	3.43
40.51	3.48
40.53	3.48
40.56	3.54
40.58	3.58
40.61	3.61
40.63	3.64
40.65	3.68
40.68	3.72
40.7	3.81
40.73	3.81
40.75	3.87
40.78	3.88
40.8	3.93
40.83	3.97
40.85	4.02
40.87	4.01
40.9	4.05
40.92	4
40.95	4.09
40.97	4.09
41	4.16
41.02	4.13
41.05	4.21
41.07	4.2
41.09	4.36
41.12	4.36
41.14	4.47
41.17	4.42
41.19	4.53
41.22	4.52
41.24	4.66
41.26	4.61
41.29	4.7
41.31	4.64
41.34	4.77
41.36	4.74
41.39	4.84
41.41	4.8
41.44	4.9
41.46	4.88
41.48	5.06
41.51	5.03
41.53	5.11
41.56	5.07
41.58	5.12
41.61	5.1
41.63	5.16
41.66	5.12
41.68	5.15
41.7	5.13
41.73	5.21
41.75	5.25
41.78	5.33
41.8	5.32
41.83	5.36
41.85	5.37
41.88	5.42
41.9	5.43
41.92	5.46
41.95	5.45
41.97	5.48
42	5.47
42.02	5.49
42.05	5.49
42.07	5.49
42.1	5.48
42.12	5.49
42.14	5.48
42.17	5.47
42.19	5.49
42.22	5.51
42.24	5.5
42.27	5.51
42.29	5.51
42.31	5.5
42.34	5.51
42.36	5.49
42.39	5.48
42.41	5.47
42.44	5.44
42.46	5.4
42.49	5.39
42.51	5.38
42.53	5.38
42.56	5.32
42.58	5.29
42.61	5.26
42.63	5.27
42.66	5.23
42.68	5.24
42.71	5.15
42.73	5.14
42.75	5.08
42.78	5.07
42.8	5.01
42.83	5.02
42.85	4.9
42.88	4.92
42.9	4.85
42.93	4.9
42.95	4.84
42.97	4.86
43	4.71
43.02	4.76
43.05	4.7
43.07	4.71
43.1	4.57
43.12	4.57
43.15	4.45
43.17	4.48
43.19	4.38
43.22	4.38
43.24	4.3
43.27	4.31
43.29	4.26
43.32	4.29
43.34	4.21
43.36	4.24
43.39	4.14
43.41	4.12
43.44	4.09
43.46	4.06
43.49	4.03
43.51	4.01
43.54	3.92
43.56	3.91
43.58	3.92
43.61	3.88
43.63	3.85
43.66	3.81
43.68	3.79
43.71	3.78
43.73	3.74
43.76	3.7
43.78	3.69
43.8	3.64
43.83	3.59
43.85	3.56
43.88	3.54
43.9	3.51
43.93	3.48
43.95	3.45
43.98	3.44
44	3.44
44.02	3.41
44.05	3.42
44.07	3.42
44.1	3.42
44.12	3.42
44.15	3.42
44.17	3.41
44.2	3.4
44.22	3.4
44.24	3.39
44.27	3.35
44.29	3.32
44.32	3.33
44.34	3.37
44.37	3.41
44.39	3.37
44.41	3.41
44.44	3.38
44.46	3.43
44.49	3.42
44.51	3.4
44.54	3.36
44.56	3.4
44.59	3.33
44.61	3.46
44.63	3.4
44.66	3.45
44.68	3.41
44.71	3.48
44.73	3.43
44.76	3.56
44.78	3.48
44.81	3.55
44.83	3.53
44.85	3.63
44.88	3.61
44.9	3.72
44.93	3.67
44.95	3.78
44.98	3.76
45	3.86
45.03	3.83
45.05	3.89
45.07	3.85
45.1	3.93
45.12	3.89
45.15	3.99
45.17	3.94
45.2	3.98
45.22	3.99
45.25	4.04
45.27	4.06
45.29	4.16
45.32	4.15
45.34	4.2
45.37	4.19
45.39	4.23
45.42	4.28
45.44	4.31
45.47	4.33
45.49	4.37
45.51	4.39
45.54	4.47
45.56	4.55
45.59	4.59
45.61	4.64
45.64	4.66
45.66	4.72
45.68	4.8
45.71	4.87
45.73	4.9
45.76	4.94
45.78	5
45.81	5.07
45.83	5.11
45.86	5.14
45.88	5.18
45.9	5.23
45.93	5.28
45.95	5.34
45.98	5.36
46	5.44
46.03	5.49
46.05	5.55
46.08	5.59
46.1	5.63
46.12	5.63
46.15	5.74
46.17	5.76
46.2	5.85
46.22	5.88
46.25	5.95
46.27	5.96
46.3	6.08
46.32	6.06
46.34	6.14
46.37	6.09
46.39	6.14
46.42	6.14
46.44	6.27
46.47	6.24
46.49	6.34
46.52	6.3
46.54	6.44
46.56	6.45
46.59	6.54
46.61	6.48
46.64	6.55
46.66	6.51
46.69	6.63
46.71	6.59
46.73	6.65
46.76	6.58
46.78	6.65
46.81	6.61
46.83	6.65
46.86	6.57
46.88	6.64
46.91	6.6
46.93	6.66
46.95	6.66
46.98	6.71
47	6.69
47.03	6.72
47.05	6.67
47.08	6.7
47.1	6.7
47.13	6.72
47.15	6.71
47.17	6.74
47.2	6.7
47.22	6.68
47.25	6.66
47.27	6.68
47.3	6.64
47.32	6.58
47.35	6.55
47.37	6.53
47.39	6.53
47.42	6.51
47.44	6.46
47.47	6.42
47.49	6.4
47.52	6.36
47.54	6.35
47.57	6.32
47.59	6.27
47.61	6.23
47.64	6.21
47.66	6.18
47.69	6.14
47.71	6.09
47.74	6.07
47.76	6.01
47.78	5.95
47.81	5.89
47.83	5.87
47.86	5.8
47.88	5.82
47.91	5.73
47.93	5.7
47.96	5.63
47.98	5.63
48	5.57
48.03	5.58
48.05	5.43
48.08	5.42
48.1	5.32
48.13	5.34
48.15	5.24
48.18	5.26
48.2	5.12
48.22	5.14
48.25	5.03
48.27	5.08
48.3	4.97
48.32	4.94
48.35	4.83
48.37	4.86
48.4	4.77
48.42	4.81
48.44	4.67
48.47	4.68
48.49	4.64
48.52	4.65
48.54	4.57
48.57	4.58
48.59	4.46
48.62	4.52
48.64	4.46
48.66	4.45
48.69	4.4
48.71	4.38
48.74	4.33
48.76	4.36
48.79	4.29
48.81	4.31
48.84	4.25
48.86	4.26
48.88	4.25
48.91	4.24
48.93	4.2
48.96	4.19
48.98	4.13
49.01	4.15
49.03	4.08
49.05	4.12
49.08	4.08
49.1	4.08
49.13	4.09
49.15	4.08
49.18	4.05
49.2	4.09
49.23	4.02
49.25	4.06
49.27	4.07
49.3	4.06
49.32	4.09
49.35	4.12
49.37	4.1
49.4	4.13
49.42	4.12
49.45	4.14
49.47	4.17
49.49	4.13
49.52	4.12
49.54	4.15
49.57	4.16
49.59	4.18
49.62	4.21
49.64	4.19
49.67	4.27
49.69	4.32
49.71	4.35
49.74	4.37
49.76	4.39
49.79	4.41
49.81	4.46
49.84	4.46
49.86	4.49
49.89	4.48
49.91	4.54
49.93	4.55
49.96	4.59
49.98	4.59
50.01	4.68
50.03	4.72
50.06	4.83
50.08	4.84
50.1	4.92
50.13	4.92
50.15	5.01
50.18	5.02
50.2	5.11
50.23	5.06
50.25	5.15
50.28	5.13
50.3	5.25
50.32	5.26
50.35	5.37
50.37	5.32
50.4	5.46
50.42	5.44
50.45	5.57
50.47	5.54
50.5	5.62
50.52	5.6
50.54	5.75
50.57	5.75
50.59	5.88
50.62	5.84
50.64	5.96
50.67	6
50.69	6.12
50.72	6.11
50.74	6.22
50.76	6.21
50.79	6.36
50.81	6.39
50.84	6.49
50.86	6.53
50.89	6.6
50.91	6.63
50.94	6.74
50.96	6.76
50.98	6.85
51.01	6.88
51.03	6.92
51.06	6.99
51.08	7.07
51.11	7.08
51.13	7.16
51.15	7.18
51.18	7.23
51.2	7.3
51.23	7.36
51.25	7.41
51.28	7.48
51.3	7.49
51.33	7.55
51.35	7.58
51.37	7.59
51.4	7.64
51.42	7.65
51.45	7.7
51.47	7.79
51.5	7.82
51.52	7.86
51.55	7.93
51.57	7.95
51.59	7.99
51.62	8
51.64	7.99
51.67	8.01
51.69	8.06
51.72	8.07
51.74	8.07
51.77	8.06
51.79	8.09
51.81	8.07
51.84	8.1
51.86	8.08
51.89	8.11
51.91	8.08
51.94	8.1
51.96	8.04
51.99	8.11
52.01	8.04
52.03	8.07
52.06	7.99
52.08	8.01
52.11	7.96
52.13	8.04
52.16	7.96
52.18	8
52.2	7.89
52.23	7.94
52.25	7.9
52.28	7.93
52.3	7.81
52.33	7.84
52.35	7.75
52.38	7.81
52.4	7.74
52.42	7.72
52.45	7.63
52.47	7.64
52.5	7.53
52.52	7.56
52.55	7.45
52.57	7.38
52.6	7.29
52.62	7.24
52.64	7.19
52.67	7.19
52.69	7.09
52.72	7.07
52.74	7.02
52.77	6.99
52.79	6.96
52.82	6.9
52.84	6.79
52.86	6.78
52.89	6.69
52.91	6.64
52.94	6.61
52.96	6.55
52.99	6.5
53.01	6.46
53.04	6.37
53.06	6.32
53.08	6.29
53.11	6.23
53.13	6.21
53.16	6.12
53.18	6.08
53.21	6.03
53.23	5.99
53.26	5.95
53.28	5.89
53.3	5.81
53.33	5.81
53.35	5.75
53.38	5.7
53.4	5.66
53.43	5.62
53.45	5.54
53.47	5.49
53.5	5.42
53.52	5.41
53.55	5.37
53.57	5.35
53.6	5.29
53.62	5.28
53.65	5.22
53.67	5.23
53.69	5.18
53.72	5.2
53.74	5.12
53.77	5.12
53.79	5.09
53.82	5.11
53.84	5.04
53.87	5.09
53.89	4.98
53.91	5.02
53.94	4.95
53.96	5.02
53.99	4.98
54.01	5.03
54.04	4.92
54.06	5.01
54.09	4.96
54.11	5.02
54.13	4.95
54.16	5
54.18	4.99
54.21	5.08
54.23	5
54.26	5.08
54.28	5
54.31	5.06
54.33	5.06
54.35	5.09
54.38	5.07
54.4	5.16
54.43	5.13
54.45	5.19
54.48	5.19
54.5	5.22
54.52	5.23
54.55	5.27
54.57	5.26
54.6	5.34
54.62	5.37
54.65	5.44
54.67	5.45
54.7	5.48
54.72	5.52
54.74	5.57
54.77	5.56
54.79	5.62
54.82	5.63
54.84	5.65
54.87	5.68
54.89	5.73
54.92	5.77
54.94	5.81
54.96	5.86
54.99	5.92
55.01	5.97
55.04	6.03
55.06	6.08
55.09	6.13
55.11	6.2
55.14	6.26
55.16	6.31
55.18	6.38
55.21	6.44
55.23	6.47
55.26	6.55
55.28	6.59
55.31	6.62
55.33	6.68
55.36	6.77
55.38	6.82
55.4	6.93
55.43	6.96
55.45	7.06
55.48	7.09
55.5	7.2
55.53	7.23
55.55	7.3
55.57	7.29
55.6	7.4
55.62	7.38
55.65	7.56
55.67	7.58
55.7	7.7
55.72	7.72
55.75	7.85
55.77	7.86
55.79	8.05
55.82	8.01
55.84	8.1
55.87	8.11
55.89	8.28
55.92	8.29
55.94	8.42
55.97	8.37
55.99	8.5
56.01	8.53
56.04	8.63
56.06	8.64
56.09	8.74
56.11	8.72
56.14	8.86
56.16	8.88
56.19	8.99
56.21	9
56.23	9.07
56.26	9.1
56.28	9.19
56.31	9.22
56.33	9.29
56.36	9.3
56.38	9.34
56.41	9.35
56.43	9.41
56.45	9.44
56.48	9.47
56.5	9.46
56.53	9.52
56.55	9.53
56.58	9.56
56.6	9.57
56.62	9.6
56.65	9.6
56.67	9.62
56.7	9.63
56.72	9.65
56.75	9.68
56.77	9.69
56.8	9.69
56.82	9.73
56.84	9.73
56.87	9.73
56.89	9.73
56.92	9.74
56.94	9.73
56.97	9.72
56.99	9.69
57.02	9.67
57.04	9.65
57.06	9.65
57.09	9.61
57.11	9.56
57.14	9.52
57.16	9.45
57.19	9.47
57.21	9.44
57.24	9.43
57.26	9.38
57.28	9.38
57.31	9.31
57.33	9.34
57.36	9.24
57.38	9.22
57.41	9.1
57.43	9.07
57.46	8.96
57.48	8.98
57.5	8.87
57.53	8.87
57.55	8.74
57.58	8.76
57.6	8.68
57.63	8.69
57.65	8.58
57.68	8.57
57.7	8.47
57.72	8.5
57.75	8.38
57.77	8.33
57.8	8.18
57.82	8.14
57.85	8.03
57.87	8.01
57.89	7.89
57.92	7.88
57.94	7.81
57.97	7.81
57.99	7.75
58.02	7.73
58.04	7.62
58.07	7.58
58.09	7.46
58.11	7.42
58.14	7.36
58.16	7.3
58.19	7.23
58.21	7.18
58.24	7.1
58.26	7.05
58.29	7
58.31	6.97
58.33	6.9
58.36	6.85
58.38	6.84
58.41	6.83
58.43	6.84
58.46	6.79
58.48	6.73
58.51	6.71
58.53	6.69
58.55	6.63
58.58	6.58
58.6	6.53
58.63	6.5
58.65	6.49
58.68	6.46
58.7	6.43
58.73	6.39
58.75	6.36
58.77	6.34
58.8	6.32
58.82	6.29
58.85	6.26
58.87	6.27
58.9	6.24
58.92	6.27
58.94	6.22
58.97	6.19
58.99	6.18
59.02	6.23
59.04	6.19
59.07	6.24
59.09	6.18
59.12	6.26
59.14	6.24
59.16	6.3
59.19	6.26
59.21	6.32
59.24	6.25
59.26	6.35
59.29	6.29
59.31	6.4
59.34	6.35
59.36	6.42
59.38	6.38
59.41	6.48
59.43	6.44
59.46	6.53
59.48	6.47
59.51	6.55
59.53	6.54
59.56	6.65
59.58	6.63
59.6	6.72
59.63	6.68
59.65	6.79
59.68	6.8
59.7	6.87
59.73	6.89
59.75	6.96
59.78	6.99
59.8	7.11
59.82	7.15
59.85	7.28
59.87	7.34
59.9	7.38
59.92	7.41
59.95	7.45
59.97	7.46
59.99	7.46
