U1	IA
0.02	0.49
0.04	0.51
0.07	0.55
0.09	0.56
0.12	0.59
0.14	0.57
0.17	0.6
0.19	0.57
0.21	0.58
0.24	0.56
0.26	0.59
0.29	0.58
0.31	0.62
0.34	0.6
0.36	0.61
0.39	0.6
0.41	0.59
0.43	0.55
0.46	0.57
0.48	0.54
0.51	0.53
0.53	0.51
0.56	0.52
0.58	0.53
0.61	0.55
0.63	0.54
0.65	0.55
0.68	0.54
0.7	0.55
0.73	0.54
0.75	0.55
0.78	0.55
0.8	0.54
0.83	0.53
0.85	0.55
0.87	0.53
0.9	0.55
0.92	0.54
0.95	0.55
0.97	0.57
1	0.56
1.02	0.56
1.05	0.61
1.07	0.61
1.09	0.63
1.12	0.62
1.14	0.59
1.17	0.6
1.19	0.59
1.22	0.58
1.24	0.55
1.26	0.52
1.29	0.5
1.31	0.55
1.34	0.54
1.36	0.55
1.39	0.53
1.41	0.56
1.44	0.54
1.46	0.6
1.48	0.57
1.51	0.58
1.53	0.56
1.56	0.58
1.58	0.57
1.61	0.61
1.63	0.54
1.66	0.55
1.68	0.53
1.7	0.57
1.73	0.55
1.75	0.57
1.78	0.56
1.8	0.59
1.83	0.59
1.85	0.62
1.88	0.56
1.9	0.56
1.92	0.54
1.95	0.55
1.97	0.54
2	0.54
2.02	0.51
2.05	0.55
2.07	0.54
2.1	0.54
2.12	0.54
2.14	0.54
2.17	0.52
2.19	0.55
2.22	0.53
2.24	0.53
2.27	0.53
2.29	0.51
2.31	0.54
2.34	0.55
2.36	0.55
2.39	0.55
2.41	0.57
2.44	0.59
2.46	0.61
2.49	0.59
2.51	0.64
2.53	0.64
2.56	0.63
2.58	0.6
2.61	0.57
2.63	0.58
2.66	0.59
2.68	0.55
2.71	0.54
2.73	0.55
2.75	0.58
2.78	0.6
2.8	0.59
2.83	0.57
2.85	0.58
2.88	0.59
2.9	0.62
2.93	0.59
2.95	0.59
2.97	0.57
3	0.6
3.02	0.59
3.05	0.58
3.07	0.51
3.1	0.52
3.12	0.5
3.15	0.53
3.17	0.5
3.19	0.5
3.22	0.49
3.24	0.58
3.27	0.59
3.29	0.6
3.32	0.57
3.34	0.57
3.36	0.58
3.39	0.6
3.41	0.57
3.44	0.57
3.46	0.55
3.49	0.59
3.51	0.59
3.54	0.6
3.56	0.58
3.58	0.58
3.61	0.57
3.63	0.6
3.66	0.57
3.68	0.57
3.71	0.56
3.73	0.56
3.76	0.55
3.78	0.58
3.8	0.57
3.83	0.59
3.85	0.58
3.88	0.57
3.9	0.58
3.93	0.58
3.95	0.55
3.98	0.59
4	0.57
4.02	0.58
4.05	0.59
4.07	0.58
4.1	0.59
4.12	0.59
4.15	0.57
4.17	0.58
4.2	0.56
4.22	0.57
4.24	0.57
4.27	0.56
4.29	0.55
4.32	0.57
4.34	0.57
4.37	0.58
4.39	0.57
4.42	0.58
4.44	0.6
4.46	0.6
4.49	0.57
4.51	0.58
4.54	0.56
4.56	0.55
4.59	0.55
4.61	0.53
4.63	0.52
4.66	0.54
4.68	0.53
4.71	0.55
4.73	0.56
4.76	0.54
4.78	0.55
4.81	0.55
4.83	0.56
4.85	0.54
4.88	0.53
4.9	0.52
4.93	0.51
4.95	0.51
4.98	0.52
5	0.5
5.03	0.52
5.05	0.52
5.07	0.53
5.1	0.54
5.12	0.55
5.15	0.53
5.17	0.56
5.2	0.54
5.22	0.54
5.25	0.56
5.27	0.55
5.29	0.53
5.32	0.53
5.34	0.53
5.37	0.54
5.39	0.54
5.42	0.52
5.44	0.54
5.47	0.57
5.49	0.58
5.51	0.59
5.54	0.6
5.56	0.59
5.59	0.6
5.61	0.61
5.64	0.61
5.66	0.59
5.68	0.59
5.71	0.6
5.73	0.63
5.76	0.63
5.78	0.62
5.81	0.61
5.83	0.63
5.86	0.64
5.88	0.61
5.9	0.61
5.93	0.6
5.95	0.58
5.98	0.59
6	0.58
6.03	0.56
6.05	0.56
6.08	0.53
6.1	0.53
6.12	0.56
6.15	0.54
6.17	0.56
6.2	0.55
6.22	0.57
6.25	0.58
6.27	0.6
6.3	0.58
6.32	0.6
6.34	0.6
6.37	0.62
6.39	0.59
6.42	0.59
6.44	0.58
6.47	0.59
6.49	0.58
6.52	0.59
6.54	0.57
6.56	0.58
6.59	0.59
6.61	0.58
6.64	0.58
6.66	0.58
6.69	0.56
6.71	0.59
6.73	0.58
6.76	0.58
6.78	0.58
6.81	0.6
6.83	0.61
6.86	0.63
6.88	0.63
6.91	0.66
6.93	0.66
6.95	0.66
6.98	0.65
7	0.64
7.03	0.64
7.05	0.63
7.08	0.61
7.1	0.63
7.13	0.59
7.15	0.57
7.17	0.58
7.2	0.57
7.22	0.58
7.25	0.58
7.27	0.58
7.3	0.61
7.32	0.63
7.35	0.62
7.37	0.63
7.39	0.62
7.42	0.63
7.44	0.64
7.47	0.63
7.49	0.61
7.52	0.62
7.54	0.63
7.57	0.66
7.59	0.65
7.61	0.65
7.64	0.68
7.66	0.68
7.69	0.68
7.71	0.66
7.74	0.64
7.76	0.67
7.78	0.65
7.81	0.64
7.83	0.65
7.86	0.64
7.88	0.63
7.91	0.67
7.93	0.66
7.96	0.64
7.98	0.65
8	0.67
8.03	0.69
8.05	0.71
8.08	0.69
8.1	0.67
8.13	0.69
8.15	0.71
8.18	0.72
8.2	0.74
8.22	0.73
8.25	0.75
8.27	0.76
8.3	0.77
8.32	0.77
8.35	0.76
8.37	0.76
8.4	0.77
8.42	0.75
8.44	0.75
8.47	0.73
8.49	0.73
8.52	0.73
8.54	0.72
8.57	0.73
8.59	0.72
8.62	0.72
8.64	0.75
8.66	0.76
8.69	0.75
8.71	0.72
8.74	0.7
8.76	0.72
8.79	0.75
8.81	0.73
8.84	0.72
8.86	0.73
8.88	0.74
8.91	0.77
8.93	0.79
8.96	0.77
8.98	0.76
9.01	0.77
9.03	0.79
9.05	0.78
9.08	0.8
9.1	0.81
9.13	0.82
9.15	0.84
9.18	0.86
9.2	0.84
9.23	0.85
9.25	0.82
9.27	0.81
9.3	0.81
9.32	0.81
9.35	0.8
9.37	0.81
9.4	0.82
9.42	0.84
9.45	0.82
9.47	0.84
9.49	0.82
9.52	0.85
9.54	0.82
9.57	0.84
9.59	0.81
9.62	0.82
9.64	0.82
9.67	0.85
9.69	0.83
9.71	0.87
9.74	0.86
9.76	0.89
9.79	0.9
9.81	0.92
9.84	0.91
9.86	0.92
9.89	0.88
9.91	0.91
9.93	0.9
9.96	0.9
9.98	0.87
10.01	0.87
10.03	0.89
10.06	0.91
10.08	0.88
10.1	0.91
10.13	0.9
10.15	0.91
10.18	0.92
10.2	0.91
10.23	0.89
10.25	0.9
10.28	0.89
10.3	0.89
10.32	0.89
10.35	0.89
10.37	0.9
10.4	0.92
10.42	0.94
10.45	0.94
10.47	0.96
10.5	0.97
10.52	0.97
10.54	0.97
10.57	0.98
10.59	0.97
10.62	0.97
10.64	0.97
10.67	0.98
10.69	0.95
10.72	0.94
10.74	0.93
10.76	0.95
10.79	0.95
10.81	0.94
10.84	0.96
10.86	0.99
10.89	0.99
10.91	1
10.94	0.97
10.96	0.98
10.98	0.99
11.01	0.97
11.03	0.96
11.06	0.97
11.08	0.97
11.11	1.02
11.13	0.99
11.15	1
11.18	1.01
11.2	1.01
11.23	1.03
11.25	1.04
11.28	1
11.3	1.02
11.33	0.99
11.35	1.01
11.37	1.02
11.4	1.03
11.42	1.01
11.45	1.01
11.47	1.02
11.5	1.06
11.52	1.04
11.55	1.05
11.57	1.05
11.59	1.08
11.62	1.08
11.64	1.08
11.67	1.06
11.69	1.07
11.72	1.07
11.74	1.05
11.77	1.05
11.79	1.06
11.81	1.06
11.84	1.11
11.86	1.13
11.89	1.14
11.91	1.14
11.94	1.16
11.96	1.18
11.99	1.21
12.01	1.18
12.03	1.2
12.06	1.2
12.08	1.22
12.11	1.23
12.13	1.22
12.16	1.2
12.18	1.22
12.21	1.22
12.23	1.23
12.25	1.23
12.28	1.22
12.3	1.24
12.33	1.26
12.35	1.26
12.38	1.24
12.4	1.24
12.42	1.23
12.45	1.24
12.47	1.22
12.5	1.22
12.52	1.21
12.55	1.23
12.57	1.26
12.6	1.28
12.62	1.29
12.64	1.32
12.67	1.32
12.69	1.37
12.72	1.37
12.74	1.37
12.77	1.36
12.79	1.37
12.82	1.34
12.84	1.36
12.86	1.34
12.89	1.34
12.91	1.32
12.94	1.35
12.96	1.34
12.99	1.37
13.01	1.36
13.04	1.39
13.06	1.37
13.08	1.4
13.11	1.37
13.13	1.39
13.16	1.39
13.18	1.41
13.21	1.38
13.23	1.42
13.26	1.4
13.28	1.43
13.3	1.42
13.33	1.44
13.35	1.44
13.38	1.46
13.4	1.46
13.43	1.51
13.45	1.5
13.47	1.53
13.5	1.53
13.52	1.53
13.55	1.54
13.57	1.54
13.6	1.51
13.62	1.51
13.65	1.5
13.67	1.48
13.69	1.5
13.72	1.49
13.74	1.49
13.77	1.51
13.79	1.5
13.82	1.51
13.84	1.51
13.87	1.51
13.89	1.52
13.91	1.51
13.94	1.49
13.96	1.49
13.99	1.49
14.01	1.49
14.04	1.49
14.06	1.48
14.09	1.48
14.11	1.5
14.13	1.51
14.16	1.54
14.18	1.54
14.21	1.54
14.23	1.54
14.26	1.5
14.28	1.52
14.31	1.51
14.33	1.49
14.35	1.47
14.38	1.47
14.4	1.47
14.43	1.51
14.45	1.52
14.48	1.54
14.5	1.55
14.52	1.58
14.55	1.56
14.57	1.6
14.6	1.58
14.62	1.58
14.65	1.55
14.67	1.56
14.7	1.56
14.72	1.58
14.74	1.55
14.77	1.57
14.79	1.56
14.82	1.6
14.84	1.59
14.87	1.6
14.89	1.62
14.92	1.64
14.94	1.61
14.96	1.62
14.99	1.56
15.01	1.56
15.04	1.54
15.06	1.52
15.09	1.52
15.11	1.53
15.14	1.52
15.16	1.55
15.18	1.53
15.21	1.54
15.23	1.56
15.26	1.56
15.28	1.56
15.31	1.58
15.33	1.58
15.36	1.6
15.38	1.59
15.4	1.58
15.43	1.58
15.45	1.57
15.48	1.57
15.5	1.56
15.53	1.58
15.55	1.61
15.57	1.61
15.6	1.61
15.62	1.68
15.65	1.67
15.67	1.69
15.7	1.68
15.72	1.67
15.75	1.68
15.77	1.7
15.79	1.67
15.82	1.69
15.84	1.67
15.87	1.69
15.89	1.69
15.92	1.72
15.94	1.69
15.97	1.72
15.99	1.71
16.01	1.74
16.04	1.74
16.06	1.76
16.09	1.74
16.11	1.76
16.14	1.77
16.16	1.8
16.19	1.77
16.21	1.79
16.23	1.78
16.26	1.82
16.28	1.82
16.31	1.82
16.33	1.82
16.36	1.9
16.38	1.9
16.41	1.92
16.43	1.9
16.45	1.92
16.48	1.91
16.5	1.94
16.53	1.91
16.55	1.94
16.58	1.93
16.6	1.96
16.63	1.98
16.65	1.99
16.67	1.98
16.7	1.99
16.72	1.98
16.75	2.02
16.77	2.04
16.8	2.07
16.82	2.09
16.84	2.11
16.87	2.13
16.89	2.16
16.92	2.16
16.94	2.18
16.97	2.18
16.99	2.22
17.02	2.23
17.04	2.23
17.06	2.26
17.09	2.32
17.11	2.35
17.14	2.36
17.16	2.37
17.19	2.37
17.21	2.4
17.24	2.41
17.26	2.41
17.28	2.4
17.31	2.42
17.33	2.44
17.36	2.47
17.38	2.46
17.41	2.46
17.43	2.47
17.46	2.5
17.48	2.51
17.5	2.55
17.53	2.54
17.55	2.58
17.58	2.59
17.6	2.6
17.63	2.62
17.65	2.63
17.68	2.63
17.7	2.66
17.72	2.65
17.75	2.67
17.77	2.67
17.8	2.69
17.82	2.7
17.85	2.72
17.87	2.73
17.89	2.77
17.92	2.78
17.94	2.81
17.97	2.78
17.99	2.79
18.02	2.79
18.04	2.78
18.07	2.75
18.09	2.74
18.11	2.73
18.14	2.75
18.16	2.76
18.19	2.75
18.21	2.74
18.24	2.77
18.26	2.76
18.29	2.76
18.31	2.73
18.33	2.73
18.36	2.74
18.38	2.75
18.41	2.75
18.43	2.75
18.46	2.75
18.48	2.78
18.51	2.77
18.53	2.76
18.55	2.77
18.58	2.76
18.6	2.76
18.63	2.77
18.65	2.77
18.68	2.77
18.7	2.76
18.73	2.75
18.75	2.76
18.77	2.74
18.8	2.72
18.82	2.71
18.85	2.72
18.87	2.71
18.9	2.68
18.92	2.67
18.94	2.67
18.97	2.67
18.99	2.66
19.02	2.64
19.04	2.66
19.07	2.65
19.09	2.67
19.12	2.63
19.14	2.63
19.16	2.61
19.19	2.61
19.21	2.59
19.24	2.59
19.26	2.55
19.29	2.57
19.31	2.53
19.34	2.53
19.36	2.52
19.38	2.52
19.41	2.51
19.43	2.52
19.46	2.51
19.48	2.54
19.51	2.49
19.53	2.5
19.56	2.48
19.58	2.49
19.6	2.49
19.63	2.49
19.65	2.44
19.68	2.47
19.7	2.46
19.73	2.47
19.75	2.45
19.78	2.45
19.8	2.44
19.82	2.5
19.85	2.48
19.87	2.48
19.9	2.49
19.92	2.47
19.95	2.45
19.97	2.47
19.99	2.44
20.02	2.46
20.04	2.45
20.07	2.43
20.09	2.46
20.12	2.48
20.14	2.45
20.17	2.45
20.19	2.46
20.21	2.47
20.24	2.46
20.26	2.43
20.29	2.45
20.31	2.48
20.34	2.5
20.36	2.49
20.39	2.49
20.41	2.51
20.43	2.54
20.46	2.53
20.48	2.53
20.51	2.54
20.53	2.56
20.56	2.61
20.58	2.63
20.61	2.63
20.63	2.67
20.65	2.69
20.68	2.71
20.7	2.71
20.73	2.72
20.75	2.76
20.78	2.77
20.8	2.76
20.83	2.78
20.85	2.79
20.87	2.83
20.9	2.84
20.92	2.85
20.95	2.88
20.97	2.9
21	2.91
21.02	2.96
21.05	2.96
21.07	2.98
21.09	3
21.12	3.04
21.14	3.08
21.17	3.13
21.19	3.13
21.22	3.18
21.24	3.21
21.26	3.25
21.29	3.3
21.31	3.34
21.34	3.35
21.36	3.4
21.39	3.44
21.41	3.49
21.44	3.52
21.46	3.54
21.48	3.58
21.51	3.6
21.53	3.63
21.56	3.66
21.58	3.69
21.61	3.7
21.63	3.71
21.66	3.74
21.68	3.78
21.7	3.79
21.73	3.82
21.75	3.85
21.78	3.89
21.8	3.92
21.83	3.96
21.85	4
21.88	4.08
21.9	4.11
21.92	4.13
21.95	4.17
21.97	4.23
22	4.25
22.02	4.3
22.05	4.32
22.07	4.36
22.1	4.39
22.12	4.43
22.14	4.45
22.17	4.47
22.19	4.48
22.22	4.53
22.24	4.54
22.27	4.57
22.29	4.58
22.31	4.61
22.34	4.63
22.36	4.65
22.39	4.64
22.41	4.69
22.44	4.68
22.46	4.7
22.49	4.73
22.51	4.76
22.53	4.75
22.56	4.79
22.58	4.8
22.61	4.82
22.63	4.83
22.66	4.84
22.68	4.85
22.71	4.87
22.73	4.85
22.75	4.87
22.78	4.87
22.8	4.87
22.83	4.87
22.85	4.86
22.88	4.85
22.9	4.85
22.93	4.82
22.95	4.83
22.97	4.8
23	4.78
23.02	4.78
23.05	4.76
23.07	4.76
23.1	4.73
23.12	4.7
23.15	4.71
23.17	4.67
23.19	4.65
23.22	4.65
23.24	4.64
23.27	4.61
23.29	4.62
23.32	4.58
23.34	4.57
23.36	4.56
23.39	4.54
23.41	4.52
23.44	4.51
23.46	4.48
23.49	4.49
23.51	4.48
23.54	4.46
23.56	4.43
23.58	4.4
23.61	4.39
23.63	4.36
23.66	4.33
23.68	4.31
23.71	4.26
23.73	4.24
23.76	4.23
23.78	4.2
23.8	4.17
23.83	4.11
23.85	4.08
23.88	4.07
23.9	4.04
23.93	4
23.95	3.99
23.98	3.97
24	3.97
24.02	3.95
24.05	3.92
24.07	3.91
24.1	3.89
24.12	3.86
24.15	3.84
24.17	3.79
24.2	3.78
24.22	3.78
24.24	3.75
24.27	3.72
24.29	3.72
24.32	3.69
24.34	3.71
24.37	3.71
24.39	3.69
24.42	3.67
24.44	3.64
24.46	3.64
24.49	3.64
24.51	3.62
24.54	3.62
24.56	3.6
24.59	3.63
24.61	3.65
24.63	3.64
24.66	3.64
24.68	3.69
24.71	3.68
24.73	3.68
24.76	3.69
24.78	3.68
24.81	3.68
24.83	3.67
24.85	3.63
24.88	3.65
24.9	3.65
24.93	3.64
24.95	3.69
24.98	3.7
25	3.71
25.03	3.74
25.05	3.73
25.07	3.78
25.1	3.81
25.12	3.78
25.15	3.79
25.17	3.79
25.2	3.81
25.22	3.85
25.25	3.86
25.27	3.88
25.29	3.9
25.32	3.92
25.34	3.97
25.37	3.99
25.39	4.02
25.42	4.09
25.44	4.12
25.47	4.19
25.49	4.22
25.51	4.25
25.54	4.29
25.56	4.34
25.59	4.33
25.61	4.36
25.64	4.36
25.66	4.43
25.68	4.5
25.71	4.54
25.73	4.57
25.76	4.62
25.78	4.66
25.81	4.74
25.83	4.78
25.86	4.8
25.88	4.83
25.9	4.88
25.93	4.94
25.95	5
25.98	5.05
26	5.1
26.03	5.15
26.05	5.21
26.08	5.29
26.1	5.33
26.12	5.39
26.15	5.46
26.17	5.5
26.2	5.57
26.22	5.63
26.25	5.7
26.27	5.78
26.3	5.84
26.32	5.91
26.34	6.01
26.37	6.06
26.39	6.13
26.42	6.21
26.44	6.27
26.47	6.35
26.49	6.39
26.52	6.44
26.54	6.54
26.56	6.6
26.59	6.63
26.61	6.7
26.64	6.73
26.66	6.81
26.69	6.87
26.71	6.91
26.73	6.98
26.76	7.05
26.78	7.11
26.81	7.2
26.83	7.24
26.86	7.28
26.88	7.37
26.91	7.4
26.93	7.44
26.95	7.51
26.98	7.54
27	7.62
27.03	7.67
27.05	7.68
27.08	7.72
27.1	7.77
27.13	7.79
27.15	7.84
27.17	7.85
27.2	7.89
27.22	7.89
27.25	7.92
27.27	7.95
27.3	7.95
27.32	7.94
27.35	7.97
27.37	7.94
27.39	7.98
27.42	7.97
27.44	7.96
27.47	7.97
27.49	7.97
27.52	7.96
27.54	7.99
27.57	7.98
27.59	7.99
27.61	8.01
27.64	7.99
27.66	7.96
27.69	7.94
27.71	7.91
27.74	7.88
27.76	7.83
27.78	7.77
27.81	7.73
27.83	7.68
27.86	7.65
27.88	7.61
27.91	7.58
27.93	7.57
27.96	7.52
27.98	7.47
28	7.47
28.03	7.41
28.05	7.36
28.08	7.29
28.1	7.22
28.13	7.16
28.15	7.1
28.18	7
28.2	6.99
28.22	6.93
28.25	6.87
28.27	6.84
28.3	6.79
28.32	6.75
28.35	6.75
28.37	6.67
28.4	6.63
28.42	6.58
28.44	6.54
28.47	6.5
28.49	6.44
28.52	6.36
28.54	6.32
28.57	6.24
28.59	6.2
28.62	6.13
28.64	6.07
28.66	6.05
28.69	6.02
28.71	5.96
28.74	5.96
28.76	5.89
28.79	5.87
28.81	5.82
28.84	5.76
28.86	5.71
28.88	5.67
28.91	5.61
28.93	5.6
28.96	5.53
28.98	5.51
29.01	5.48
29.03	5.47
29.05	5.47
29.08	5.46
29.1	5.41
29.13	5.41
29.15	5.37
29.18	5.36
29.2	5.34
29.23	5.31
29.25	5.28
29.27	5.3
29.3	5.26
29.32	5.28
29.35	5.27
29.37	5.27
29.4	5.26
29.42	5.26
29.45	5.26
29.47	5.31
29.49	5.31
29.52	5.31
29.54	5.32
29.57	5.32
29.59	5.34
29.62	5.34
29.64	5.34
29.67	5.38
29.69	5.4
29.71	5.4
29.74	5.45
29.76	5.48
29.79	5.52
29.81	5.53
29.84	5.55
29.86	5.59
29.89	5.64
29.91	5.67
29.93	5.71
29.96	5.73
29.98	5.79
30.01	5.84
30.03	5.85
30.06	5.88
30.08	5.93
30.1	5.96
30.13	6.02
30.15	6.07
30.18	6.1
30.2	6.21
30.23	6.28
30.25	6.33
30.28	6.38
30.3	6.39
30.32	6.46
30.35	6.52
30.37	6.57
30.4	6.62
30.42	6.67
30.45	6.74
30.47	6.85
30.5	6.92
30.52	7
30.54	7.07
30.57	7.16
30.59	7.25
30.62	7.35
30.64	7.43
30.67	7.5
30.69	7.58
30.72	7.65
30.74	7.76
30.76	7.81
30.79	7.89
30.81	7.99
30.84	8.08
30.86	8.18
30.89	8.28
30.91	8.37
30.94	8.53
30.96	8.63
30.98	8.73
31.01	8.82
31.03	8.9
31.06	9
31.08	9.1
31.11	9.18
31.13	9.28
31.15	9.38
31.18	9.48
31.2	9.6
31.23	9.71
31.25	9.81
31.28	9.9
31.3	10
31.33	10.11
31.35	10.22
31.37	10.3
31.4	10.39
31.42	10.49
31.45	10.59
31.47	10.68
31.5	10.77
31.52	10.86
31.55	11
31.57	11.09
31.59	11.19
31.62	11.29
31.64	11.42
31.67	11.55
31.69	11.65
31.72	11.68
31.74	11.76
31.77	11.82
31.79	11.92
31.81	11.96
31.84	11.99
31.86	12.06
31.89	12.13
31.91	12.2
31.94	12.28
31.96	12.3
31.99	12.35
32.01	12.41
32.03	12.45
32.06	12.48
32.08	12.52
32.11	12.52
32.13	12.56
32.16	12.55
32.18	12.57
32.2	12.57
32.23	12.58
32.25	12.55
32.28	12.56
32.3	12.54
32.33	12.56
32.35	12.5
32.38	12.49
32.4	12.49
32.42	12.47
32.45	12.42
32.47	12.4
32.5	12.34
32.52	12.35
32.55	12.29
32.57	12.21
32.6	12.17
32.62	12.12
32.64	12.05
32.67	11.99
32.69	11.87
32.72	11.81
32.74	11.74
32.77	11.67
32.79	11.6
32.82	11.51
32.84	11.43
32.86	11.36
32.89	11.26
32.91	11.19
32.94	11.08
32.96	10.97
32.99	10.88
33.01	10.79
33.04	10.69
33.06	10.6
33.08	10.47
33.11	10.38
33.13	10.33
33.16	10.21
33.18	10.11
33.21	10.03
33.23	9.93
33.26	9.86
33.28	9.76
33.3	9.63
33.33	9.58
33.35	9.46
33.38	9.39
33.4	9.3
33.43	9.21
33.45	9.14
33.47	9.08
33.5	9
33.52	8.95
33.55	8.87
33.57	8.81
33.6	8.74
33.62	8.67
33.65	8.57
33.67	8.52
33.69	8.4
33.72	8.37
33.74	8.27
33.77	8.22
33.79	8.17
33.82	8.14
33.84	8.07
33.87	8.08
33.89	8.01
33.91	7.99
33.94	7.95
33.96	7.93
33.99	7.88
34.01	7.87
34.04	7.81
34.06	7.81
34.09	7.77
34.11	7.76
34.13	7.73
34.16	7.74
34.18	7.72
34.21	7.75
34.23	7.73
34.26	7.76
34.28	7.74
34.31	7.75
34.33	7.76
34.35	7.78
34.38	7.78
34.4	7.83
34.43	7.86
34.45	7.89
34.48	7.92
34.5	7.95
34.52	7.98
34.55	8.02
34.57	8.04
34.6	8.08
34.62	8.12
34.65	8.17
34.67	8.23
34.7	8.28
34.72	8.35
34.74	8.41
34.77	8.47
34.79	8.55
34.82	8.61
34.84	8.67
34.87	8.75
34.89	8.82
34.92	8.9
34.94	8.97
34.96	9.04
34.99	9.12
35.01	9.21
35.04	9.28
35.06	9.39
35.09	9.46
35.11	9.54
35.14	9.65
35.16	9.75
35.18	9.83
35.21	9.94
35.23	10.02
35.26	10.14
35.28	10.25
35.31	10.32
35.33	10.43
35.36	10.54
35.38	10.63
35.4	10.75
35.43	10.84
35.45	10.98
35.48	11.13
35.5	11.27
35.53	11.42
35.55	11.51
35.57	11.62
35.6	11.75
35.62	11.88
35.65	11.98
35.67	12.08
35.7	12.19
35.72	12.34
35.75	12.51
35.77	12.64
35.79	12.78
35.82	12.9
35.84	13.06
35.87	13.22
35.89	13.36
35.92	13.47
35.94	13.62
35.97	13.75
35.99	13.91
36.01	14.04
36.04	14.16
36.06	14.31
36.09	14.47
36.11	14.61
36.14	14.76
36.16	14.91
36.19	15.07
36.21	15.22
36.23	15.34
36.26	15.48
36.28	15.61
36.31	15.73
36.33	15.85
36.36	15.96
36.38	16.09
36.41	16.23
36.43	16.35
36.45	16.5
36.48	16.63
36.5	16.76
36.53	16.92
36.55	17.03
36.58	17.13
36.6	17.27
36.62	17.37
36.65	17.46
36.67	17.54
36.7	17.64
36.72	17.74
36.75	17.83
36.77	17.9
36.8	17.95
36.82	18.01
36.84	18.08
36.87	18.11
36.89	18.13
36.92	18.19
36.94	18.21
36.97	18.27
36.99	18.29
37.02	18.32
37.04	18.31
37.06	18.35
37.09	18.36
37.11	18.36
37.14	18.32
37.16	18.32
37.19	18.26
37.21	18.28
37.24	18.21
37.26	18.17
37.28	18.09
37.31	18.07
37.33	18
37.36	17.98
37.38	17.87
37.41	17.8
37.43	17.68
37.46	17.64
37.48	17.53
37.5	17.44
37.53	17.32
37.55	17.22
37.58	17.11
37.6	17.05
37.63	16.91
37.65	16.8
37.68	16.65
37.7	16.53
37.72	16.44
37.75	16.33
37.77	16.17
37.8	16.04
37.82	15.89
37.85	15.75
37.87	15.61
37.89	15.44
37.92	15.27
37.94	15.12
37.97	14.96
37.99	14.82
38.02	14.71
38.04	14.55
38.07	14.45
38.09	14.31
38.11	14.19
38.14	14.03
38.16	13.92
38.19	13.78
38.21	13.65
38.24	13.47
38.26	13.35
38.29	13.2
38.31	13.1
38.33	12.95
38.36	12.84
38.38	12.71
38.41	12.62
38.43	12.52
38.46	12.43
38.48	12.32
38.51	12.24
38.53	12.13
38.55	12.06
38.58	11.94
38.6	11.86
38.63	11.75
38.65	11.71
38.68	11.62
38.7	11.55
38.73	11.45
38.75	11.42
38.77	11.35
38.8	11.36
38.82	11.27
38.85	11.24
38.87	11.18
38.9	11.18
38.92	11.14
38.94	11.14
38.97	11.05
38.99	11.08
39.02	11.03
39.04	11.06
39.07	11.02
39.09	11.03
39.12	11
39.14	11.06
39.16	11.06
39.19	11.12
39.21	11.09
39.24	11.16
39.26	11.18
39.29	11.25
39.31	11.25
39.34	11.31
39.36	11.34
39.38	11.41
39.41	11.45
39.43	11.5
39.46	11.55
39.48	11.62
39.51	11.66
39.53	11.76
39.56	11.85
39.58	11.94
39.6	12.02
39.63	12.12
39.65	12.23
39.68	12.33
39.7	12.41
39.73	12.5
39.75	12.57
39.78	12.67
39.8	12.75
39.82	12.83
39.85	12.95
39.87	13.05
39.9	13.17
39.92	13.31
39.95	13.44
39.97	13.56
39.99	13.72
40.02	13.83
40.04	13.97
40.07	14.1
40.09	14.22
40.12	14.37
40.14	14.51
40.17	14.62
40.19	14.77
40.21	14.9
40.24	15.04
40.26	15.19
40.29	15.37
40.31	15.53
40.34	15.73
40.36	15.86
40.39	16.07
40.41	16.21
40.43	16.39
40.46	16.52
40.48	16.67
40.51	16.78
40.53	16.96
40.56	17.06
40.58	17.3
40.61	17.44
40.63	17.66
40.65	17.85
40.68	18.1
40.7	18.28
40.73	18.55
40.75	18.67
40.78	18.87
40.8	19.01
40.83	19.23
40.85	19.37
40.87	19.58
40.9	19.69
40.92	19.91
40.95	20.09
40.97	20.34
41	20.52
41.02	20.73
41.05	20.92
41.07	21.16
41.09	21.32
41.12	21.53
41.14	21.67
41.17	21.8
41.19	21.94
41.22	22.07
41.24	22.22
41.26	22.4
41.29	22.53
41.31	22.73
41.34	22.9
41.36	23.06
41.39	23.26
41.41	23.41
41.44	23.57
41.46	23.77
41.48	23.85
41.51	23.99
41.53	24.14
41.56	24.27
41.58	24.39
41.61	24.5
41.63	24.58
41.66	24.72
41.68	24.83
41.7	24.91
41.73	25
41.75	25.06
41.78	25.14
41.8	25.17
41.83	25.21
41.85	25.29
41.88	25.32
41.9	25.33
41.92	25.39
41.95	25.34
41.97	25.37
42	25.37
42.02	25.35
42.05	25.32
42.07	25.29
42.1	25.22
42.12	25.23
42.14	25.17
42.17	25.15
42.19	25.1
42.22	25.07
42.24	25
42.27	24.98
42.29	24.85
42.31	24.79
42.34	24.66
42.36	24.56
42.39	24.46
42.41	24.36
42.44	24.19
42.46	24.1
42.49	23.94
42.51	23.85
42.53	23.7
42.56	23.56
42.58	23.42
42.61	23.28
42.63	23.11
42.66	22.96
42.68	22.75
42.71	22.58
42.73	22.4
42.75	22.2
42.78	22.05
42.8	21.87
42.83	21.68
42.85	21.52
42.88	21.35
42.9	21.17
42.93	21.04
42.95	20.86
42.97	20.7
43	20.54
43.02	20.38
43.05	20.18
43.07	20.02
43.1	19.78
43.12	19.62
43.15	19.41
43.17	19.24
43.19	19.05
43.22	18.88
43.24	18.72
43.27	18.61
43.29	18.4
43.32	18.3
43.34	18.13
43.36	18.02
43.39	17.85
43.41	17.69
43.44	17.52
43.46	17.43
43.49	17.26
43.51	17.15
43.54	16.99
43.56	16.9
43.58	16.81
43.61	16.71
43.63	16.58
43.66	16.53
43.68	16.45
43.71	16.44
43.73	16.35
43.76	16.29
43.78	16.22
43.8	16.19
43.83	16.1
43.85	16.1
43.88	15.99
43.9	15.99
43.93	15.94
43.95	15.94
43.98	15.91
44	15.94
44.02	15.87
44.05	15.95
44.07	15.93
44.1	15.98
44.12	15.96
44.15	15.99
44.17	15.98
44.2	16.07
44.22	16.08
44.24	16.17
44.27	16.18
44.29	16.27
44.32	16.34
44.34	16.46
44.37	16.5
44.39	16.6
44.41	16.66
44.44	16.8
44.46	16.91
44.49	17.02
44.51	17.09
44.54	17.21
44.56	17.29
44.59	17.43
44.61	17.5
44.63	17.61
44.66	17.71
44.68	17.84
44.71	17.96
44.73	18.1
44.76	18.21
44.78	18.41
44.81	18.55
44.83	18.7
44.85	18.87
44.88	19.01
44.9	19.2
44.93	19.39
44.95	19.53
44.98	19.68
45	19.82
45.03	19.98
45.05	20.16
45.07	20.3
45.1	20.47
45.12	20.66
45.15	20.85
45.17	21.09
45.2	21.31
45.22	21.49
45.25	21.71
45.27	21.89
45.29	22.1
45.32	22.29
45.34	22.45
45.37	22.64
45.39	22.89
45.42	23.04
45.44	23.26
45.47	23.43
45.49	23.7
45.51	23.97
45.54	24.23
45.56	24.39
45.59	24.69
45.61	24.87
45.64	25.16
45.66	25.31
45.68	25.52
45.71	25.68
45.73	25.93
45.76	26.1
45.78	26.36
45.81	26.52
45.83	26.79
45.86	26.99
45.88	27.28
45.9	27.51
45.93	27.78
45.95	27.97
45.98	28.23
46	28.4
46.03	28.64
46.05	28.83
46.08	29.05
46.1	29.22
46.12	29.48
46.15	29.68
46.17	29.97
46.2	30.17
46.22	30.37
46.25	30.59
46.27	30.82
46.3	30.99
46.32	31.21
46.34	31.36
46.37	31.52
46.39	31.69
46.42	31.81
46.44	31.95
46.47	32.09
46.49	32.22
46.52	32.33
46.54	32.47
46.56	32.58
46.59	32.75
46.61	32.85
46.64	32.99
46.66	33.09
46.69	33.2
46.71	33.3
46.73	33.41
46.76	33.46
46.78	33.57
46.81	33.61
46.83	33.68
46.86	33.72
46.88	33.77
46.91	33.81
46.93	33.87
46.95	33.87
46.98	33.92
47	33.91
47.03	33.94
47.05	33.94
47.08	33.92
47.1	33.88
47.13	33.87
47.15	33.78
47.17	33.76
47.2	33.67
47.22	33.6
47.25	33.51
47.27	33.44
47.3	33.31
47.32	33.26
47.35	33.14
47.37	33.05
47.39	32.92
47.42	32.85
47.44	32.71
47.47	32.62
47.49	32.48
47.52	32.37
47.54	32.2
47.57	32.08
47.59	31.88
47.61	31.74
47.64	31.53
47.66	31.34
47.69	31.11
47.71	30.97
47.74	30.73
47.76	30.54
47.78	30.33
47.81	30.15
47.83	29.95
47.86	29.78
47.88	29.56
47.91	29.36
47.93	29.14
47.96	28.9
47.98	28.7
48	28.5
48.03	28.25
48.05	28
48.08	27.78
48.1	27.57
48.13	27.37
48.15	27.15
48.18	26.93
48.2	26.71
48.22	26.51
48.25	26.29
48.27	26.09
48.3	25.87
48.32	25.66
48.35	25.45
48.37	25.3
48.4	25.11
48.42	24.94
48.44	24.77
48.47	24.63
48.49	24.47
48.52	24.35
48.54	24.18
48.57	24.05
48.59	23.93
48.62	23.82
48.64	23.68
48.66	23.57
48.69	23.45
48.71	23.39
48.74	23.32
48.76	23.26
48.79	23.15
48.81	23.08
48.84	23.03
48.86	22.97
48.88	22.89
48.91	22.87
48.93	22.81
48.96	22.81
48.98	22.8
49.01	22.79
49.03	22.79
49.05	22.83
49.08	22.81
49.1	22.89
49.13	22.89
49.15	22.93
49.18	22.96
49.2	23.03
49.23	23.07
49.25	23.15
49.27	23.15
49.3	23.29
49.32	23.34
49.35	23.46
49.37	23.53
49.4	23.63
49.42	23.67
49.45	23.84
49.47	23.9
49.49	24.08
49.52	24.14
49.54	24.29
49.57	24.4
49.59	24.59
49.62	24.69
49.64	24.86
49.67	24.96
49.69	25.16
49.71	25.31
49.74	25.52
49.76	25.66
49.79	25.88
49.81	26.03
49.84	26.24
49.86	26.39
49.89	26.56
49.91	26.74
49.93	26.95
49.96	27.12
49.98	27.35
50.01	27.57
50.03	27.85
50.06	28.07
50.08	28.28
50.1	28.5
50.13	28.75
50.15	28.97
50.18	29.2
50.2	29.39
50.23	29.61
50.25	29.81
50.28	30.02
50.3	30.25
50.32	30.49
50.35	30.7
50.37	30.96
50.4	31.2
50.42	31.49
50.45	31.78
50.47	32.05
50.5	32.29
50.52	32.61
50.54	32.86
50.57	33.14
50.59	33.37
50.62	33.59
50.64	33.83
50.67	34.09
50.69	34.32
50.72	34.57
50.74	34.87
50.76	35.21
50.79	35.53
50.81	35.79
50.84	36.1
50.86	36.35
50.89	36.65
50.91	36.89
50.94	37.1
50.96	37.28
50.98	37.54
51.01	37.74
51.03	38.07
51.06	38.28
51.08	38.56
51.11	38.78
51.13	39.11
51.15	39.35
51.18	39.69
51.2	39.87
51.23	40.15
51.25	40.31
51.28	40.62
51.3	40.82
51.33	41.03
51.35	41.17
51.37	41.39
51.4	41.56
51.42	41.79
51.45	41.93
51.47	42.12
51.5	42.34
51.52	42.55
51.55	42.72
51.57	42.93
51.59	43.06
51.62	43.23
51.64	43.35
51.67	43.47
51.69	43.58
51.72	43.67
51.74	43.72
51.77	43.86
51.79	43.92
51.81	44.01
51.84	44.12
51.86	44.22
51.89	44.32
51.91	44.42
51.94	44.46
51.96	44.54
51.99	44.6
52.01	44.61
52.03	44.64
52.06	44.64
52.08	44.65
52.11	44.65
52.13	44.65
52.16	44.64
52.18	44.63
52.2	44.56
52.23	44.55
52.25	44.46
52.28	44.37
52.3	44.28
52.33	44.18
52.35	44.08
52.38	44.02
52.4	43.89
52.42	43.83
52.45	43.72
52.47	43.62
52.5	43.51
52.52	43.38
52.55	43.17
52.57	43
52.6	42.81
52.62	42.67
52.64	42.49
52.67	42.33
52.69	42.13
52.72	42
52.74	41.82
52.77	41.71
52.79	41.46
52.82	41.27
52.84	41.01
52.86	40.81
52.89	40.58
52.91	40.35
52.94	40.04
52.96	39.85
52.99	39.6
53.01	39.42
53.04	39.15
53.06	38.93
53.08	38.7
53.11	38.5
53.13	38.23
53.16	38.01
53.18	37.71
53.21	37.5
53.23	37.27
53.26	37
53.28	36.76
53.3	36.54
53.33	36.3
53.35	36.12
53.38	35.9
53.4	35.68
53.43	35.5
53.45	35.28
53.47	35.1
53.5	34.92
53.52	34.71
53.55	34.55
53.57	34.37
53.6	34.19
53.62	34.06
53.65	33.89
53.67	33.74
53.69	33.61
53.72	33.45
53.74	33.31
53.77	33.21
53.79	33.12
53.82	33.02
53.84	32.95
53.87	32.88
53.89	32.82
53.91	32.77
53.94	32.71
53.96	32.65
53.99	32.63
54.01	32.57
54.04	32.54
54.06	32.52
54.09	32.51
54.11	32.53
54.13	32.53
54.16	32.57
54.18	32.6
54.21	32.62
54.23	32.68
54.26	32.74
54.28	32.78
54.31	32.89
54.33	32.92
54.35	33.03
54.38	33.09
54.4	33.2
54.43	33.3
54.45	33.41
54.48	33.45
54.5	33.63
54.52	33.7
54.55	33.91
54.57	34.02
54.6	34.16
54.62	34.29
54.65	34.51
54.67	34.65
54.7	34.89
54.72	34.98
54.74	35.16
54.77	35.35
54.79	35.59
54.82	35.73
54.84	35.93
54.87	36.09
54.89	36.37
54.92	36.57
54.94	36.81
54.96	37.06
54.99	37.32
55.01	37.57
55.04	37.85
55.06	38.07
55.09	38.36
55.11	38.57
55.14	38.74
55.16	38.96
55.18	39.2
55.21	39.42
55.23	39.7
55.26	39.94
55.28	40.23
55.31	40.55
55.33	40.86
55.36	41.15
55.38	41.44
55.4	41.74
55.43	42.02
55.45	42.27
55.48	42.52
55.5	42.82
55.53	43.1
55.55	43.38
55.57	43.65
55.6	43.96
55.62	44.3
55.65	44.62
55.67	44.95
55.7	45.29
55.72	45.61
55.75	45.93
55.77	46.22
55.79	46.47
55.82	46.79
55.84	47.05
55.87	47.29
55.89	47.58
55.92	47.81
55.94	48.14
55.97	48.48
55.99	48.78
56.01	49.06
56.04	49.35
56.06	49.56
56.09	49.78
56.11	49.88
56.14	49.96
56.16	49.98
56.19	50
56.21	50
56.23	50
56.26	50
56.28	50
56.31	50
56.33	50
56.36	50
56.38	50
56.41	50
56.43	50
56.45	50
56.48	50
56.5	50
56.53	50
56.55	50
56.58	50
56.6	50
56.62	50
56.65	50
56.67	50
56.7	50
56.72	50
56.75	50
56.77	50
56.8	50
56.82	50
56.84	50
56.87	50
56.89	50
56.92	50
56.94	50
56.97	50
56.99	50
57.02	50
57.04	50
57.06	50
57.09	50
57.11	50
57.14	50
57.16	50
57.19	50
57.21	50
57.24	50
57.26	50
57.28	50
57.31	50
57.33	50
57.36	50
57.38	50
57.41	50
57.43	50
57.46	50
57.48	50
57.5	50
57.53	50
57.55	50
57.58	50
57.6	50
57.63	50
57.65	50
57.68	50
57.7	50
57.72	50
57.75	50
57.77	50
57.8	50
57.82	50
57.85	50
57.87	50
57.89	50
57.92	50
57.94	50
57.97	50
57.99	50
58.02	50
58.04	50
58.07	50
58.09	50
58.11	50
58.14	50
58.16	50
58.19	50
58.21	50
58.24	50
58.26	50
58.29	50
58.31	50
58.33	50
58.36	49.98
58.38	49.89
58.41	49.79
58.43	49.67
58.46	49.49
58.48	49.28
58.51	49.07
58.53	48.8
58.55	48.59
58.58	48.38
58.6	48.17
58.63	48.03
58.65	47.86
58.68	47.67
58.7	47.51
58.73	47.37
58.75	47.22
58.77	47.05
58.8	46.84
58.82	46.69
58.85	46.55
58.87	46.44
58.9	46.32
58.92	46.23
58.94	46.13
58.97	46.07
58.99	45.99
59.02	45.91
59.04	45.81
59.07	45.73
59.09	45.66
59.12	45.6
59.14	45.55
59.16	45.52
59.19	45.52
59.21	45.53
59.24	45.53
59.26	45.53
59.29	45.55
59.31	45.64
59.34	45.71
59.36	45.81
59.38	45.85
59.41	45.95
59.43	46.03
59.46	46.2
59.48	46.29
59.51	46.41
59.53	46.47
59.56	46.64
59.58	46.73
59.6	46.91
59.63	46.97
59.65	47.11
59.68	47.22
59.7	47.46
59.73	47.6
59.75	47.82
59.78	47.95
59.8	48.17
59.82	48.39
59.85	48.63
59.87	48.77
59.9	49.03
59.92	49.23
59.95	49.45
59.97	49.62
59.99	49.7
