U1	IA
0.02	0.43
0.04	0.42
0.07	0.42
0.09	0.4
0.12	0.4
0.14	0.42
0.17	0.42
0.19	0.42
0.21	0.43
0.24	0.42
0.26	0.44
0.29	0.44
0.31	0.43
0.34	0.43
0.36	0.43
0.39	0.43
0.41	0.45
0.43	0.45
0.46	0.45
0.48	0.44
0.51	0.45
0.53	0.45
0.56	0.46
0.58	0.43
0.61	0.44
0.63	0.43
0.65	0.44
0.68	0.43
0.7	0.44
0.73	0.43
0.75	0.44
0.78	0.42
0.8	0.45
0.83	0.42
0.85	0.43
0.87	0.43
0.9	0.43
0.92	0.42
0.95	0.44
0.97	0.41
1	0.44
1.02	0.43
1.05	0.42
1.07	0.41
1.09	0.42
1.12	0.41
1.14	0.44
1.17	0.43
1.19	0.45
1.22	0.45
1.24	0.46
1.26	0.46
1.29	0.47
1.31	0.45
1.34	0.46
1.36	0.44
1.39	0.45
1.41	0.44
1.44	0.44
1.46	0.42
1.48	0.43
1.51	0.42
1.53	0.44
1.56	0.41
1.58	0.42
1.61	0.44
1.63	0.45
1.66	0.45
1.68	0.44
1.7	0.43
1.73	0.44
1.75	0.45
1.78	0.43
1.8	0.46
1.83	0.44
1.85	0.44
1.88	0.47
1.9	0.49
1.92	0.48
1.95	0.49
1.97	0.46
2	0.48
2.02	0.48
2.05	0.45
2.07	0.45
2.1	0.45
2.12	0.43
2.14	0.44
2.17	0.43
2.19	0.43
2.22	0.43
2.24	0.43
2.27	0.43
2.29	0.44
2.31	0.44
2.34	0.46
2.36	0.45
2.39	0.45
2.41	0.44
2.44	0.44
2.46	0.42
2.49	0.44
2.51	0.41
2.53	0.42
2.56	0.41
2.58	0.42
2.61	0.44
2.63	0.44
2.66	0.43
2.68	0.45
2.71	0.44
2.73	0.47
2.75	0.45
2.78	0.45
2.8	0.44
2.83	0.44
2.85	0.42
2.88	0.44
2.9	0.41
2.93	0.43
2.95	0.41
2.97	0.42
3	0.43
3.02	0.44
3.05	0.43
3.07	0.46
3.1	0.44
3.12	0.45
3.15	0.45
3.17	0.45
3.19	0.44
3.22	0.45
3.24	0.42
3.27	0.44
3.29	0.43
3.32	0.43
3.34	0.45
3.36	0.45
3.39	0.44
3.41	0.45
3.44	0.44
3.46	0.47
3.49	0.47
3.51	0.43
3.54	0.43
3.56	0.42
3.58	0.42
3.61	0.42
3.63	0.41
3.66	0.4
3.68	0.41
3.71	0.41
3.73	0.43
3.76	0.42
3.78	0.42
3.8	0.43
3.83	0.45
3.85	0.45
3.88	0.47
3.9	0.46
3.93	0.48
3.95	0.47
3.98	0.45
4	0.44
4.02	0.44
4.05	0.43
4.07	0.46
4.1	0.44
4.12	0.45
4.15	0.45
4.17	0.46
4.2	0.47
4.22	0.48
4.24	0.45
4.27	0.46
4.29	0.44
4.32	0.44
4.34	0.44
4.37	0.43
4.39	0.41
4.42	0.42
4.44	0.4
4.46	0.43
4.49	0.43
4.51	0.44
4.54	0.45
4.56	0.47
4.59	0.47
4.61	0.49
4.63	0.47
4.66	0.47
4.68	0.46
4.71	0.44
4.73	0.44
4.76	0.44
4.78	0.42
4.81	0.46
4.83	0.45
4.85	0.46
4.88	0.45
4.9	0.45
4.93	0.46
4.95	0.46
4.98	0.43
5	0.44
5.03	0.42
5.05	0.43
5.07	0.43
5.1	0.42
5.12	0.42
5.15	0.43
5.17	0.43
5.2	0.44
5.22	0.42
5.25	0.42
5.27	0.44
5.29	0.44
5.32	0.44
5.34	0.44
5.37	0.45
5.39	0.45
5.42	0.46
5.44	0.44
5.47	0.45
5.49	0.43
5.51	0.43
5.54	0.44
5.56	0.44
5.59	0.44
5.61	0.44
5.64	0.43
5.66	0.46
5.68	0.46
5.71	0.45
5.73	0.44
5.76	0.43
5.78	0.42
5.81	0.43
5.83	0.41
5.86	0.42
5.88	0.4
5.9	0.41
5.93	0.42
5.95	0.43
5.98	0.41
6	0.45
6.03	0.44
6.05	0.46
6.08	0.44
6.1	0.44
6.12	0.43
6.15	0.45
6.17	0.42
6.2	0.43
6.22	0.4
6.25	0.42
6.27	0.42
6.3	0.44
6.32	0.42
6.34	0.43
6.37	0.41
6.39	0.47
6.42	0.45
6.44	0.46
6.47	0.45
6.49	0.44
6.52	0.44
6.54	0.45
6.56	0.41
6.59	0.43
6.61	0.41
6.64	0.41
6.66	0.44
6.69	0.45
6.71	0.44
6.73	0.46
6.76	0.45
6.78	0.47
6.81	0.47
6.83	0.46
6.86	0.45
6.88	0.46
6.91	0.43
6.93	0.43
6.95	0.42
6.98	0.42
7	0.43
7.03	0.41
7.05	0.42
7.08	0.43
7.1	0.42
7.13	0.47
7.15	0.46
7.17	0.45
7.2	0.47
7.22	0.45
7.25	0.46
7.27	0.46
7.3	0.43
7.32	0.42
7.35	0.42
7.37	0.41
7.39	0.44
7.42	0.44
7.44	0.45
7.47	0.46
7.49	0.46
7.52	0.46
7.54	0.47
7.57	0.45
7.59	0.46
7.61	0.44
7.64	0.44
7.66	0.44
7.69	0.43
7.71	0.43
7.74	0.44
7.76	0.43
7.78	0.45
7.81	0.45
7.83	0.45
7.86	0.48
7.88	0.49
7.91	0.47
7.93	0.48
7.96	0.44
7.98	0.44
8	0.43
8.03	0.42
8.05	0.41
8.08	0.41
8.1	0.4
8.13	0.43
8.15	0.42
8.18	0.43
8.2	0.43
8.22	0.45
8.25	0.44
8.27	0.45
8.3	0.44
8.32	0.45
8.35	0.44
8.37	0.44
8.4	0.44
8.42	0.43
8.44	0.42
8.47	0.43
8.49	0.43
8.52	0.43
8.54	0.43
8.57	0.42
8.59	0.45
8.62	0.45
8.64	0.45
8.66	0.46
8.69	0.44
8.71	0.44
8.74	0.44
8.76	0.42
8.79	0.43
8.81	0.42
8.84	0.41
8.86	0.42
8.88	0.41
8.91	0.41
8.93	0.43
8.96	0.43
8.98	0.44
9.01	0.45
9.03	0.45
9.05	0.46
9.08	0.47
9.1	0.45
9.13	0.46
9.15	0.43
9.18	0.43
9.2	0.43
9.23	0.43
9.25	0.42
9.27	0.44
9.3	0.42
9.32	0.47
9.35	0.46
9.37	0.47
9.4	0.47
9.42	0.46
9.45	0.44
9.47	0.46
9.49	0.42
9.52	0.43
9.54	0.42
9.57	0.43
9.59	0.45
9.62	0.45
9.64	0.44
9.67	0.46
9.69	0.45
9.71	0.47
9.74	0.45
9.76	0.44
9.79	0.44
9.81	0.45
9.84	0.44
9.86	0.46
9.89	0.44
9.91	0.45
9.93	0.45
9.96	0.46
9.98	0.46
10.01	0.46
10.03	0.44
10.06	0.49
10.08	0.48
10.1	0.49
10.13	0.48
10.15	0.46
10.18	0.48
10.2	0.49
10.23	0.47
10.25	0.46
10.28	0.44
10.3	0.44
10.32	0.46
10.35	0.45
10.37	0.45
10.4	0.45
10.42	0.44
10.45	0.46
10.47	0.48
10.5	0.47
10.52	0.47
10.54	0.47
10.57	0.47
10.59	0.49
10.62	0.48
10.64	0.48
10.67	0.48
10.69	0.46
10.72	0.48
10.74	0.47
10.76	0.46
10.79	0.49
10.81	0.49
10.84	0.48
10.86	0.49
10.89	0.48
10.91	0.49
10.94	0.49
10.96	0.48
10.98	0.48
11.01	0.47
11.03	0.45
11.06	0.47
11.08	0.46
11.11	0.46
11.13	0.45
11.15	0.45
11.18	0.45
11.2	0.47
11.23	0.46
11.25	0.47
11.28	0.46
11.3	0.47
11.33	0.48
11.35	0.48
11.37	0.47
11.4	0.48
11.42	0.47
11.45	0.48
11.47	0.48
11.5	0.47
11.52	0.48
11.55	0.47
11.57	0.46
11.59	0.49
11.62	0.47
11.64	0.48
11.67	0.48
11.69	0.49
11.72	0.49
11.74	0.48
11.77	0.46
11.79	0.48
11.81	0.47
11.84	0.47
11.86	0.47
11.89	0.47
11.91	0.49
11.94	0.5
11.96	0.48
11.99	0.49
12.01	0.49
12.03	0.49
12.06	0.51
12.08	0.49
12.11	0.48
12.13	0.49
12.16	0.49
12.18	0.5
12.21	0.5
12.23	0.48
12.25	0.49
12.28	0.49
12.3	0.5
12.33	0.5
12.35	0.5
12.38	0.49
12.4	0.49
12.42	0.49
12.45	0.5
12.47	0.47
12.5	0.48
12.52	0.48
12.55	0.49
12.57	0.5
12.6	0.51
12.62	0.51
12.64	0.54
12.67	0.53
12.69	0.52
12.72	0.52
12.74	0.52
12.77	0.51
12.79	0.53
12.82	0.51
12.84	0.53
12.86	0.52
12.89	0.53
12.91	0.53
12.94	0.53
12.96	0.51
12.99	0.54
13.01	0.51
13.04	0.52
13.06	0.51
13.08	0.51
13.11	0.5
13.13	0.51
13.16	0.49
13.18	0.52
13.21	0.48
13.23	0.49
13.26	0.49
13.28	0.5
13.3	0.5
13.33	0.51
13.35	0.5
13.38	0.54
13.4	0.54
13.43	0.54
13.45	0.54
13.47	0.54
13.5	0.53
13.52	0.56
13.55	0.55
13.57	0.56
13.6	0.56
13.62	0.56
13.65	0.56
13.67	0.56
13.69	0.54
13.72	0.56
13.74	0.54
13.77	0.54
13.79	0.54
13.82	0.54
13.84	0.54
13.87	0.54
13.89	0.53
13.91	0.53
13.94	0.51
13.96	0.51
13.99	0.53
14.01	0.53
14.04	0.54
14.06	0.54
14.09	0.55
14.11	0.57
14.13	0.58
14.16	0.56
14.18	0.56
14.21	0.54
14.23	0.54
14.26	0.56
14.28	0.57
14.31	0.56
14.33	0.58
14.35	0.58
14.38	0.6
14.4	0.59
14.43	0.58
14.45	0.58
14.48	0.58
14.5	0.55
14.52	0.56
14.55	0.54
14.57	0.55
14.6	0.54
14.62	0.55
14.65	0.54
14.67	0.53
14.7	0.52
14.72	0.57
14.74	0.55
14.77	0.55
14.79	0.54
14.82	0.56
14.84	0.56
14.87	0.58
14.89	0.55
14.92	0.57
14.94	0.55
14.96	0.56
14.99	0.57
15.01	0.58
15.04	0.56
15.06	0.58
15.09	0.56
15.11	0.59
15.14	0.57
15.16	0.56
15.18	0.56
15.21	0.57
15.23	0.56
15.26	0.57
15.28	0.56
15.31	0.57
15.33	0.55
15.36	0.55
15.38	0.55
15.4	0.55
15.43	0.55
15.45	0.55
15.48	0.55
15.5	0.56
15.53	0.58
15.55	0.58
15.57	0.6
15.6	0.6
15.62	0.59
15.65	0.59
15.67	0.59
15.7	0.58
15.72	0.6
15.75	0.59
15.77	0.59
15.79	0.59
15.82	0.6
15.84	0.61
15.87	0.61
15.89	0.59
15.92	0.6
15.94	0.58
15.97	0.58
15.99	0.57
16.01	0.56
16.04	0.57
16.06	0.57
16.09	0.56
16.11	0.58
16.14	0.57
16.16	0.58
16.19	0.6
16.21	0.59
16.23	0.59
16.26	0.6
16.28	0.59
16.31	0.6
16.33	0.59
16.36	0.58
16.38	0.58
16.41	0.59
16.43	0.57
16.45	0.62
16.48	0.6
16.5	0.61
16.53	0.6
16.55	0.61
16.58	0.61
16.6	0.62
16.63	0.59
16.65	0.6
16.67	0.59
16.7	0.6
16.72	0.59
16.75	0.59
16.77	0.58
16.8	0.59
16.82	0.57
16.84	0.59
16.87	0.58
16.89	0.59
16.92	0.59
16.94	0.6
16.97	0.6
16.99	0.6
17.02	0.59
17.04	0.6
17.06	0.6
17.09	0.6
17.11	0.6
17.14	0.59
17.16	0.58
17.19	0.6
17.21	0.6
17.24	0.61
17.26	0.61
17.28	0.6
17.31	0.63
17.33	0.63
17.36	0.62
17.38	0.62
17.41	0.6
17.43	0.6
17.46	0.6
17.48	0.57
17.5	0.58
17.53	0.57
17.55	0.58
17.58	0.58
17.6	0.59
17.63	0.59
17.65	0.63
17.68	0.63
17.7	0.63
17.72	0.62
17.75	0.62
17.77	0.61
17.8	0.62
17.82	0.59
17.85	0.61
17.87	0.59
17.89	0.61
17.92	0.63
17.94	0.65
17.97	0.64
17.99	0.65
18.02	0.64
18.04	0.67
18.07	0.65
18.09	0.64
18.11	0.63
18.14	0.62
18.16	0.61
18.19	0.63
18.21	0.6
18.24	0.62
18.26	0.6
18.29	0.62
18.31	0.63
18.33	0.64
18.36	0.62
18.38	0.66
18.41	0.65
18.43	0.67
18.46	0.66
18.48	0.67
18.51	0.66
18.53	0.68
18.55	0.64
18.58	0.66
18.6	0.65
18.63	0.65
18.65	0.65
18.68	0.65
18.7	0.65
18.73	0.66
18.75	0.65
18.77	0.69
18.8	0.68
18.82	0.67
18.85	0.68
18.87	0.66
18.9	0.66
18.92	0.66
18.94	0.64
18.97	0.63
18.99	0.61
19.02	0.61
19.04	0.64
19.07	0.64
19.09	0.65
19.12	0.68
19.14	0.68
19.16	0.7
19.19	0.71
19.21	0.7
19.24	0.7
19.26	0.69
19.29	0.67
19.31	0.67
19.34	0.66
19.36	0.65
19.38	0.66
19.41	0.66
19.43	0.67
19.46	0.66
19.48	0.67
19.51	0.71
19.53	0.71
19.56	0.7
19.58	0.71
19.6	0.67
19.63	0.68
19.65	0.68
19.68	0.66
19.7	0.64
19.73	0.65
19.75	0.64
19.78	0.68
19.8	0.67
19.82	0.67
19.85	0.68
19.87	0.69
19.9	0.68
19.92	0.69
19.95	0.67
19.97	0.68
19.99	0.66
20.02	0.65
20.04	0.64
20.07	0.65
20.09	0.63
20.12	0.63
20.14	0.63
20.17	0.65
20.19	0.64
20.21	0.64
20.24	0.66
20.26	0.67
20.29	0.67
20.31	0.68
20.34	0.66
20.36	0.68
20.39	0.68
20.41	0.67
20.43	0.66
20.46	0.65
20.48	0.64
20.51	0.66
20.53	0.64
20.56	0.64
20.58	0.66
20.61	0.67
20.63	0.67
20.65	0.67
20.68	0.66
20.7	0.66
20.73	0.67
20.75	0.65
20.78	0.65
20.8	0.64
20.83	0.65
20.85	0.65
20.87	0.66
20.9	0.66
20.92	0.66
20.95	0.66
20.97	0.69
21	0.67
21.02	0.68
21.05	0.67
21.07	0.66
21.09	0.65
21.12	0.66
21.14	0.64
21.17	0.65
21.19	0.64
21.22	0.64
21.24	0.66
21.26	0.67
21.29	0.66
21.31	0.68
21.34	0.68
21.36	0.69
21.39	0.69
21.41	0.69
21.44	0.68
21.46	0.69
21.48	0.67
21.51	0.69
21.53	0.67
21.56	0.67
21.58	0.67
21.61	0.68
21.63	0.67
21.66	0.68
21.68	0.65
21.7	0.7
21.73	0.69
21.75	0.7
21.78	0.69
21.8	0.69
21.83	0.68
21.85	0.7
21.88	0.66
21.9	0.68
21.92	0.66
21.95	0.66
21.97	0.68
22	0.69
22.02	0.69
22.05	0.71
22.07	0.7
22.1	0.72
22.12	0.72
22.14	0.71
22.17	0.71
22.19	0.7
22.22	0.7
22.24	0.71
22.27	0.69
22.29	0.7
22.31	0.71
22.34	0.7
22.36	0.71
22.39	0.71
22.41	0.71
22.44	0.75
22.46	0.76
22.49	0.75
22.51	0.77
22.53	0.74
22.56	0.75
22.58	0.75
22.61	0.73
22.63	0.72
22.66	0.72
22.68	0.71
22.71	0.74
22.73	0.73
22.75	0.73
22.78	0.74
22.8	0.74
22.83	0.74
22.85	0.76
22.88	0.75
22.9	0.76
22.93	0.75
22.95	0.75
22.97	0.75
23	0.74
23.02	0.73
23.05	0.74
23.07	0.74
23.1	0.75
23.12	0.75
23.15	0.75
23.17	0.77
23.19	0.78
23.22	0.76
23.24	0.78
23.27	0.76
23.29	0.76
23.32	0.75
23.34	0.74
23.36	0.74
23.39	0.74
23.41	0.73
23.44	0.75
23.46	0.74
23.49	0.75
23.51	0.74
23.54	0.74
23.56	0.75
23.58	0.76
23.61	0.74
23.63	0.76
23.66	0.76
23.68	0.77
23.71	0.78
23.73	0.77
23.76	0.76
23.78	0.77
23.8	0.77
23.83	0.78
23.85	0.78
23.88	0.76
23.9	0.79
23.93	0.79
23.95	0.79
23.98	0.8
24	0.78
24.02	0.78
24.05	0.77
24.07	0.75
24.1	0.75
24.12	0.73
24.15	0.72
24.17	0.73
24.2	0.74
24.22	0.74
24.24	0.75
24.27	0.75
24.29	0.77
24.32	0.77
24.34	0.76
24.37	0.75
24.39	0.76
24.42	0.76
24.44	0.78
24.46	0.75
24.49	0.76
24.51	0.77
24.54	0.77
24.56	0.77
24.59	0.78
24.61	0.76
24.63	0.78
24.66	0.76
24.68	0.77
24.71	0.76
24.73	0.76
24.76	0.74
24.78	0.75
24.81	0.73
24.83	0.75
24.85	0.72
24.88	0.72
24.9	0.71
24.93	0.72
24.95	0.7
24.98	0.73
25	0.72
25.03	0.75
25.05	0.74
25.07	0.75
25.1	0.74
25.12	0.76
25.15	0.74
25.17	0.76
25.2	0.73
25.22	0.74
25.25	0.73
25.27	0.74
25.29	0.74
25.32	0.75
25.34	0.73
25.37	0.76
25.39	0.74
25.42	0.75
25.44	0.73
25.47	0.74
25.49	0.74
25.51	0.74
25.54	0.73
25.56	0.75
25.59	0.72
25.61	0.72
25.64	0.73
25.66	0.73
25.68	0.73
25.71	0.73
25.73	0.72
25.76	0.75
25.78	0.75
25.81	0.74
25.83	0.74
25.86	0.72
25.88	0.73
25.9	0.74
25.93	0.74
25.95	0.74
25.98	0.74
26	0.73
26.03	0.75
26.05	0.73
26.08	0.73
26.1	0.74
26.12	0.74
26.15	0.73
26.17	0.74
26.2	0.72
26.22	0.74
26.25	0.73
26.27	0.72
26.3	0.72
26.32	0.72
26.34	0.7
26.37	0.74
26.39	0.73
26.42	0.74
26.44	0.73
26.47	0.74
26.49	0.75
26.52	0.76
26.54	0.74
26.56	0.76
26.59	0.74
26.61	0.75
26.64	0.76
26.66	0.78
26.69	0.77
26.71	0.79
26.73	0.76
26.76	0.79
26.78	0.79
26.81	0.79
26.83	0.78
26.86	0.78
26.88	0.78
26.91	0.81
26.93	0.79
26.95	0.81
26.98	0.78
27	0.79
27.03	0.79
27.05	0.79
27.08	0.78
27.1	0.8
27.13	0.79
27.15	0.81
27.17	0.81
27.2	0.81
27.22	0.82
27.25	0.83
27.27	0.81
27.3	0.82
27.32	0.81
27.35	0.83
27.37	0.85
27.39	0.86
27.42	0.85
27.44	0.86
27.47	0.86
27.49	0.88
27.52	0.87
27.54	0.85
27.57	0.86
27.59	0.86
27.61	0.87
27.64	0.87
27.66	0.86
27.69	0.86
27.71	0.86
27.74	0.86
27.76	0.88
27.78	0.86
27.81	0.87
27.83	0.88
27.86	0.89
27.88	0.88
27.91	0.89
27.93	0.88
27.96	0.9
27.98	0.89
28	0.89
28.03	0.89
28.05	0.9
28.08	0.89
28.1	0.93
28.13	0.91
28.15	0.92
28.18	0.91
28.2	0.91
28.22	0.92
28.25	0.93
28.27	0.89
28.3	0.91
28.32	0.88
28.35	0.89
28.37	0.89
28.4	0.89
28.42	0.89
28.44	0.89
28.47	0.87
28.49	0.9
28.52	0.87
28.54	0.88
28.57	0.89
28.59	0.9
28.62	0.9
28.64	0.92
28.66	0.9
28.69	0.93
28.71	0.93
28.74	0.92
28.76	0.91
28.79	0.9
28.81	0.88
28.84	0.91
28.86	0.89
28.88	0.9
28.91	0.89
28.93	0.89
28.96	0.9
28.98	0.9
29.01	0.88
29.03	0.89
29.05	0.86
29.08	0.86
29.1	0.86
29.13	0.85
29.15	0.85
29.18	0.84
29.2	0.84
29.23	0.85
29.25	0.85
29.27	0.85
29.3	0.88
29.32	0.87
29.35	0.88
29.37	0.87
29.4	0.86
29.42	0.85
29.45	0.86
29.47	0.82
29.49	0.82
29.52	0.81
29.54	0.82
29.57	0.84
29.59	0.85
29.62	0.85
29.64	0.87
29.67	0.85
29.69	0.87
29.71	0.85
29.74	0.83
29.76	0.82
29.79	0.82
29.81	0.79
29.84	0.8
29.86	0.77
29.89	0.79
29.91	0.78
29.93	0.78
29.96	0.78
29.98	0.8
30.01	0.78
30.03	0.82
30.06	0.8
30.08	0.82
30.1	0.81
30.13	0.81
30.15	0.8
30.18	0.83
30.2	0.79
30.23	0.81
30.25	0.78
30.28	0.79
30.3	0.81
30.32	0.82
30.35	0.81
30.37	0.82
30.4	0.8
30.42	0.84
30.45	0.83
30.47	0.82
30.5	0.81
30.52	0.81
30.54	0.8
30.57	0.81
30.59	0.79
30.62	0.79
30.64	0.77
30.67	0.78
30.69	0.79
30.72	0.8
30.74	0.79
30.76	0.82
30.79	0.81
30.81	0.82
30.84	0.83
30.86	0.82
30.89	0.81
30.91	0.81
30.94	0.79
30.96	0.8
30.98	0.79
31.01	0.79
31.03	0.82
31.06	0.82
31.08	0.83
31.11	0.83
31.13	0.83
31.15	0.87
31.18	0.87
31.2	0.84
31.23	0.86
31.25	0.83
31.28	0.84
31.3	0.84
31.33	0.83
31.35	0.83
31.37	0.85
31.4	0.83
31.42	0.86
31.45	0.85
31.47	0.87
31.5	0.88
31.52	0.89
31.55	0.87
31.57	0.89
31.59	0.88
31.62	0.9
31.64	0.89
31.67	0.89
31.69	0.89
31.72	0.91
31.74	0.89
31.77	0.91
31.79	0.9
31.81	0.92
31.84	0.91
31.86	0.91
31.89	0.94
31.91	0.96
31.94	0.94
31.96	0.96
31.99	0.93
32.01	0.95
32.03	0.94
32.06	0.92
32.08	0.92
32.11	0.93
32.13	0.91
32.16	0.94
32.18	0.93
32.2	0.95
32.23	0.97
32.25	0.98
32.28	0.98
32.3	1
32.33	0.99
32.35	1.01
32.38	1
32.4	0.98
32.42	0.99
32.45	0.99
32.47	0.98
32.5	0.98
32.52	0.98
32.55	0.99
32.57	0.99
32.6	0.98
32.62	1.02
32.64	1.02
32.67	1.03
32.69	1.04
32.72	1.01
32.74	1.01
32.77	1.02
32.79	0.99
32.82	1
32.84	0.98
32.86	0.99
32.89	1.01
32.91	1.02
32.94	1.01
32.96	1.03
32.99	1.03
33.01	1.04
33.04	1.03
33.06	1.03
33.08	1.03
33.11	1.04
33.13	1.01
33.16	1.03
33.18	1.01
33.21	1.02
33.23	1.01
33.26	1.01
33.28	1.01
33.3	1.02
33.33	1
33.35	1.03
33.38	1.02
33.4	1.04
33.43	1.02
33.45	1.01
33.47	1
33.5	1.01
33.52	0.98
33.55	1
33.57	0.97
33.6	0.97
33.62	0.98
33.65	0.98
33.67	0.97
33.69	1
33.72	0.98
33.74	1
33.77	0.99
33.79	1
33.82	0.98
33.84	0.98
33.87	0.94
33.89	0.95
33.91	0.92
33.94	0.93
33.96	0.92
33.99	0.93
34.01	0.92
34.04	0.94
34.06	0.93
34.09	0.97
34.11	0.96
34.13	0.95
34.16	0.94
34.18	0.92
34.21	0.9
34.23	0.9
34.26	0.88
34.28	0.88
34.31	0.87
34.33	0.86
34.35	0.89
34.38	0.89
34.4	0.88
34.43	0.89
34.45	0.88
34.48	0.89
34.5	0.9
34.52	0.88
34.55	0.89
34.57	0.89
34.6	0.88
34.62	0.89
34.65	0.89
34.67	0.88
34.7	0.88
34.72	0.88
34.74	0.89
34.77	0.87
34.79	0.86
34.82	0.88
34.84	0.88
34.87	0.86
34.89	0.87
34.92	0.83
34.94	0.84
34.96	0.83
34.99	0.81
35.01	0.81
35.04	0.8
35.06	0.79
35.09	0.83
35.11	0.82
35.14	0.83
35.16	0.82
35.18	0.84
35.21	0.84
35.23	0.85
35.26	0.83
35.28	0.84
35.31	0.83
35.33	0.84
35.36	0.84
35.38	0.83
35.4	0.82
35.43	0.83
35.45	0.81
35.48	0.83
35.5	0.82
35.53	0.83
35.55	0.85
35.57	0.87
35.6	0.86
35.62	0.87
35.65	0.84
35.67	0.84
35.7	0.84
35.72	0.83
35.75	0.83
35.77	0.83
35.79	0.84
35.82	0.87
35.84	0.86
35.87	0.87
35.89	0.88
35.92	0.88
35.94	0.89
35.97	0.89
35.99	0.89
36.01	0.89
36.04	0.9
36.06	0.9
36.09	0.91
36.11	0.89
36.14	0.89
36.16	0.91
36.19	0.92
36.21	0.93
36.23	0.93
36.26	0.92
36.28	0.97
36.31	0.97
36.33	0.97
36.36	0.98
36.38	0.98
36.41	0.98
36.43	0.99
36.45	0.97
36.48	1
36.5	0.99
36.53	0.99
36.55	1
36.58	1.01
36.6	1.01
36.62	1.02
36.65	1.01
36.67	1.04
36.7	1.03
36.72	1.04
36.75	1.04
36.77	1.05
36.8	1.05
36.82	1.08
36.84	1.05
36.87	1.07
36.89	1.06
36.92	1.07
36.94	1.07
36.97	1.09
36.99	1.07
37.02	1.11
37.04	1.1
37.06	1.12
37.09	1.11
37.11	1.12
37.14	1.1
37.16	1.13
37.19	1.11
37.21	1.13
37.24	1.11
37.26	1.11
37.28	1.11
37.31	1.13
37.33	1.12
37.36	1.14
37.38	1.12
37.41	1.14
37.43	1.14
37.46	1.15
37.48	1.14
37.5	1.14
37.53	1.13
37.55	1.15
37.58	1.14
37.6	1.15
37.63	1.14
37.65	1.15
37.68	1.15
37.7	1.16
37.72	1.15
37.75	1.16
37.77	1.14
37.8	1.13
37.82	1.13
37.85	1.12
37.87	1.12
37.89	1.12
37.92	1.12
37.94	1.13
37.97	1.11
37.99	1.11
38.02	1.13
38.04	1.12
38.07	1.12
38.09	1.11
38.11	1.1
38.14	1.13
38.16	1.14
38.19	1.12
38.21	1.12
38.24	1.11
38.26	1.11
38.29	1.12
38.31	1.1
38.33	1.08
38.36	1.09
38.38	1.07
38.41	1.08
38.43	1.07
38.46	1.06
38.48	1.07
38.51	1.08
38.53	1.06
38.55	1.07
38.58	1.05
38.6	1.06
38.63	1.04
38.65	1.03
38.68	1.02
38.7	1.01
38.73	0.99
38.75	1.01
38.77	1
38.8	1.01
38.82	1
38.85	1.01
38.87	1.01
38.9	1.02
38.92	0.98
38.94	0.99
38.97	0.96
38.99	0.97
39.02	0.96
39.04	0.96
39.07	0.95
39.09	0.96
39.12	0.95
39.14	0.98
39.16	0.98
39.19	0.97
39.21	0.96
39.24	0.95
39.26	0.94
39.29	0.94
39.31	0.92
39.34	0.91
39.36	0.9
39.38	0.9
39.41	0.91
39.43	0.89
39.46	0.88
39.48	0.89
39.51	0.88
39.53	0.88
39.56	0.88
39.58	0.87
39.6	0.9
39.63	0.89
39.65	0.89
39.68	0.89
39.7	0.9
39.73	0.89
39.75	0.91
39.78	0.9
39.8	0.9
39.82	0.9
39.85	0.89
39.87	0.9
39.9	0.9
39.92	0.87
39.95	0.88
39.97	0.86
39.99	0.87
40.02	0.87
40.04	0.87
40.07	0.87
40.09	0.88
40.12	0.87
40.14	0.89
40.17	0.87
40.19	0.88
40.21	0.89
40.24	0.9
40.26	0.89
40.29	0.92
40.31	0.91
40.34	0.94
40.36	0.93
40.39	0.92
40.41	0.91
40.43	0.92
40.46	0.9
40.48	0.92
40.51	0.91
40.53	0.93
40.56	0.93
40.58	0.95
40.61	0.95
40.63	0.97
40.65	0.95
40.68	0.97
40.7	0.95
40.73	0.96
40.75	0.96
40.78	0.96
40.8	0.95
40.83	0.97
40.85	0.96
40.87	0.99
40.9	0.97
40.92	0.98
40.95	1.01
40.97	1.01
41	1.01
41.02	1.01
41.05	1.01
41.07	1.03
41.09	1.05
41.12	1.04
41.14	1.05
41.17	1.05
41.19	1.06
41.22	1.09
41.24	1.1
41.26	1.1
41.29	1.1
41.31	1.09
41.34	1.12
41.36	1.13
41.39	1.12
41.41	1.13
41.44	1.13
41.46	1.14
41.48	1.16
41.51	1.15
41.53	1.16
41.56	1.17
41.58	1.17
41.61	1.18
41.63	1.18
41.66	1.18
41.68	1.21
41.7	1.2
41.73	1.22
41.75	1.21
41.78	1.22
41.8	1.23
41.83	1.25
41.85	1.23
41.88	1.24
41.9	1.23
41.92	1.24
41.95	1.25
41.97	1.27
42	1.26
42.02	1.27
42.05	1.26
42.07	1.3
42.1	1.3
42.12	1.29
42.14	1.28
42.17	1.29
42.19	1.27
42.22	1.3
42.24	1.28
42.27	1.29
42.29	1.28
42.31	1.29
42.34	1.29
42.36	1.3
42.39	1.28
42.41	1.31
42.44	1.3
42.46	1.31
42.49	1.3
42.51	1.31
42.53	1.29
42.56	1.29
42.58	1.26
42.61	1.27
42.63	1.25
42.66	1.25
42.68	1.27
42.71	1.29
42.73	1.28
42.75	1.28
42.78	1.28
42.8	1.29
42.83	1.29
42.85	1.25
42.88	1.25
42.9	1.24
42.93	1.25
42.95	1.25
42.97	1.25
43	1.24
43.02	1.23
43.05	1.22
43.07	1.23
43.1	1.22
43.12	1.21
43.15	1.21
43.17	1.22
43.19	1.22
43.22	1.22
43.24	1.2
43.27	1.2
43.29	1.19
43.32	1.17
43.34	1.15
43.36	1.14
43.39	1.13
43.41	1.15
43.44	1.13
43.46	1.14
43.49	1.13
43.51	1.13
43.54	1.15
43.56	1.15
43.58	1.12
43.61	1.12
43.63	1.08
43.66	1.08
43.68	1.06
43.71	1.05
43.73	1.03
43.76	1.03
43.78	1.02
43.8	1.05
43.83	1.03
43.85	1.03
43.88	1.03
43.9	1.03
43.93	1.01
43.95	1.02
43.98	0.99
44	1
44.02	0.99
44.05	0.98
44.07	0.97
44.1	0.97
44.12	0.96
44.15	0.98
44.17	0.98
44.2	0.98
44.22	0.98
44.24	0.97
44.27	0.98
44.29	0.98
44.32	0.95
44.34	0.96
44.37	0.94
44.39	0.93
44.41	0.93
44.44	0.92
44.46	0.92
44.49	0.91
44.51	0.9
44.54	0.92
44.56	0.92
44.59	0.92
44.61	0.94
44.63	0.93
44.66	0.95
44.68	0.94
44.71	0.94
44.73	0.94
44.76	0.95
44.78	0.91
44.81	0.93
44.83	0.91
44.85	0.92
44.88	0.95
44.9	0.95
44.93	0.96
44.95	0.97
44.98	0.96
45	1
45.03	0.99
45.05	0.99
45.07	0.98
45.1	0.97
45.12	0.95
45.15	0.96
45.17	0.93
45.2	0.94
45.22	0.93
45.25	0.95
45.27	0.96
45.29	0.98
45.32	0.98
45.34	1.02
45.37	1
45.39	1.02
45.42	1.01
45.44	1.02
45.47	1.02
45.49	1.04
45.51	1.01
45.54	1.04
45.56	1.03
45.59	1.06
45.61	1.07
45.64	1.09
45.66	1.09
45.68	1.1
45.71	1.1
45.73	1.14
45.76	1.12
45.78	1.12
45.81	1.12
45.83	1.12
45.86	1.12
45.88	1.14
45.9	1.12
45.93	1.15
45.95	1.14
45.98	1.16
46	1.18
46.03	1.19
46.05	1.18
46.08	1.2
46.1	1.2
46.12	1.21
46.15	1.21
46.17	1.22
46.2	1.24
46.22	1.26
46.25	1.25
46.27	1.26
46.3	1.26
46.32	1.27
46.34	1.29
46.37	1.28
46.39	1.3
46.42	1.3
46.44	1.3
46.47	1.34
46.49	1.34
46.52	1.34
46.54	1.36
46.56	1.33
46.59	1.35
46.61	1.35
46.64	1.34
46.66	1.33
46.69	1.34
46.71	1.33
46.73	1.37
46.76	1.36
46.78	1.37
46.81	1.4
46.83	1.41
46.86	1.41
46.88	1.43
46.91	1.41
46.93	1.43
46.95	1.42
46.98	1.41
47	1.41
47.03	1.41
47.05	1.41
47.08	1.42
47.1	1.41
47.13	1.42
47.15	1.41
47.17	1.42
47.2	1.44
47.22	1.45
47.25	1.43
47.27	1.44
47.3	1.41
47.32	1.41
47.35	1.4
47.37	1.39
47.39	1.38
47.42	1.38
47.44	1.37
47.47	1.4
47.49	1.38
47.52	1.38
47.54	1.39
47.57	1.39
47.59	1.38
47.61	1.39
47.64	1.37
47.66	1.38
47.69	1.38
47.71	1.37
47.74	1.36
47.76	1.35
47.78	1.34
47.81	1.33
47.83	1.32
47.86	1.32
47.88	1.32
47.91	1.3
47.93	1.33
47.96	1.32
47.98	1.32
48	1.31
48.03	1.28
48.05	1.27
48.08	1.27
48.1	1.24
48.13	1.23
48.15	1.21
48.18	1.21
48.2	1.22
48.22	1.21
48.25	1.2
48.27	1.21
48.3	1.19
48.32	1.21
48.35	1.2
48.37	1.18
48.4	1.18
48.42	1.18
48.44	1.16
48.47	1.16
48.49	1.12
48.52	1.12
48.54	1.11
48.57	1.1
48.59	1.1
48.62	1.11
48.64	1.08
48.66	1.13
48.69	1.1
48.71	1.11
48.74	1.09
48.76	1.07
48.79	1.05
48.81	1.05
48.84	1.02
48.86	1.03
48.88	1
48.91	1
48.93	1.02
48.96	1.02
48.98	1.01
49.01	1
49.03	0.99
49.05	1
49.08	0.98
49.1	0.99
49.13	1
49.15	1.01
49.18	0.99
49.2	1
49.23	1
49.25	1
49.27	0.98
49.3	0.97
49.32	0.96
49.35	0.97
49.37	0.95
49.4	0.99
49.42	0.98
49.45	1
49.47	0.99
49.49	0.99
49.52	1
49.54	1.01
49.57	0.97
49.59	0.99
49.62	0.96
49.64	0.97
49.67	0.96
49.69	0.95
49.71	0.95
49.74	0.96
49.76	0.95
49.79	0.97
49.81	0.96
49.84	0.96
49.86	0.99
49.89	0.99
49.91	0.99
49.93	0.99
49.96	0.98
49.98	0.99
50.01	1
50.03	0.98
50.06	1
50.08	1
50.1	1.01
50.13	1.04
50.15	1.06
50.18	1.07
50.2	1.09
50.23	1.08
50.25	1.13
50.28	1.12
50.3	1.11
50.32	1.11
50.35	1.1
50.37	1.09
50.4	1.11
50.42	1.09
50.45	1.11
50.47	1.11
50.5	1.11
50.52	1.13
50.54	1.14
50.57	1.14
50.59	1.18
50.62	1.19
50.64	1.21
50.67	1.21
50.69	1.22
50.72	1.22
50.74	1.24
50.76	1.21
50.79	1.23
50.81	1.22
50.84	1.25
50.86	1.27
50.89	1.3
50.91	1.29
50.94	1.32
50.96	1.31
50.98	1.36
51.01	1.35
51.03	1.35
51.06	1.35
51.08	1.35
51.11	1.35
51.13	1.37
51.15	1.35
51.18	1.37
51.2	1.36
51.23	1.38
51.25	1.4
51.28	1.42
51.3	1.41
51.33	1.46
51.35	1.46
51.37	1.49
51.4	1.49
51.42	1.5
51.45	1.5
51.47	1.52
51.5	1.48
51.52	1.5
51.55	1.49
51.57	1.49
51.59	1.49
51.62	1.49
51.64	1.49
51.67	1.5
51.69	1.5
51.72	1.53
51.74	1.54
51.77	1.54
51.79	1.56
51.81	1.54
51.84	1.54
51.86	1.55
51.89	1.53
51.91	1.52
51.94	1.52
51.96	1.51
51.99	1.54
52.01	1.54
52.03	1.55
52.06	1.56
52.08	1.57
52.11	1.57
52.13	1.58
52.16	1.57
52.18	1.57
52.2	1.56
52.23	1.54
52.25	1.54
52.28	1.53
52.3	1.52
52.33	1.54
52.35	1.51
52.38	1.52
52.4	1.5
52.42	1.51
52.45	1.52
52.47	1.53
52.5	1.49
52.52	1.51
52.55	1.47
52.57	1.47
52.6	1.45
52.62	1.43
52.64	1.42
52.67	1.41
52.69	1.39
52.72	1.42
52.74	1.4
52.77	1.4
52.79	1.4
52.82	1.4
52.84	1.39
52.86	1.39
52.89	1.37
52.91	1.38
52.94	1.36
52.96	1.34
52.99	1.34
53.01	1.32
53.04	1.3
53.06	1.3
53.08	1.28
53.11	1.29
53.13	1.28
53.16	1.25
53.18	1.28
53.21	1.28
53.23	1.27
53.26	1.27
53.28	1.24
53.3	1.22
53.33	1.22
53.35	1.19
53.38	1.19
53.4	1.17
53.43	1.16
53.45	1.17
53.47	1.17
53.5	1.15
53.52	1.16
53.55	1.15
53.57	1.15
53.6	1.15
53.62	1.13
53.65	1.13
53.67	1.12
53.69	1.11
53.72	1.11
53.74	1.08
53.77	1.08
53.79	1.07
53.82	1.07
53.84	1.07
53.87	1.07
53.89	1.05
53.91	1.09
53.94	1.08
53.96	1.08
53.99	1.07
54.01	1.06
54.04	1.04
54.06	1.05
54.09	1.02
54.11	1.04
54.13	1.02
54.16	1.03
54.18	1.04
54.21	1.05
54.23	1.03
54.26	1.05
54.28	1.03
54.31	1.05
54.33	1.04
54.35	1.05
54.38	1.04
54.4	1.06
54.43	1.02
54.45	1.04
54.48	1.02
54.5	1.03
54.52	1.02
54.55	1.03
54.57	1.02
54.6	1.04
54.62	1.03
54.65	1.08
54.67	1.08
54.7	1.09
54.72	1.09
54.74	1.07
54.77	1.07
54.79	1.08
54.82	1.06
54.84	1.06
54.87	1.05
54.89	1.05
54.92	1.08
54.94	1.09
54.96	1.1
54.99	1.1
55.01	1.11
55.04	1.14
55.06	1.15
55.09	1.14
55.11	1.15
55.14	1.15
55.16	1.16
55.18	1.17
55.21	1.16
55.23	1.16
55.26	1.18
55.28	1.19
55.31	1.22
55.33	1.22
55.36	1.22
55.38	1.27
55.4	1.29
55.43	1.29
55.45	1.3
55.48	1.28
55.5	1.3
55.53	1.3
55.55	1.29
55.57	1.29
55.6	1.29
55.62	1.29
55.65	1.34
55.67	1.33
55.7	1.35
55.72	1.35
55.75	1.37
55.77	1.37
55.79	1.39
55.82	1.38
55.84	1.41
55.87	1.4
55.89	1.43
55.92	1.44
55.94	1.45
55.97	1.45
55.99	1.47
56.01	1.47
56.04	1.49
56.06	1.49
56.09	1.5
56.11	1.53
56.14	1.54
56.16	1.54
56.19	1.57
56.21	1.56
56.23	1.57
56.26	1.56
56.28	1.55
56.31	1.56
56.33	1.56
56.36	1.55
56.38	1.56
56.41	1.56
56.43	1.57
56.45	1.58
56.48	1.59
56.5	1.61
56.53	1.61
56.55	1.62
56.58	1.63
56.6	1.65
56.62	1.65
56.65	1.66
56.67	1.63
56.7	1.64
56.72	1.64
56.75	1.64
56.77	1.65
56.8	1.65
56.82	1.64
56.84	1.69
56.87	1.68
56.89	1.68
56.92	1.68
56.94	1.68
56.97	1.67
56.99	1.67
57.02	1.64
57.04	1.65
57.06	1.63
57.09	1.62
57.11	1.63
57.14	1.63
57.16	1.63
57.19	1.63
57.21	1.61
57.24	1.63
57.26	1.63
57.28	1.62
57.31	1.61
57.33	1.61
57.36	1.59
57.38	1.61
57.41	1.58
57.43	1.59
57.46	1.57
57.48	1.58
57.5	1.56
57.53	1.57
57.55	1.53
57.58	1.55
57.6	1.53
57.63	1.53
57.65	1.51
57.68	1.52
57.7	1.5
57.72	1.51
57.75	1.48
57.77	1.48
57.8	1.45
57.82	1.45
57.85	1.43
57.87	1.43
57.89	1.41
57.92	1.41
57.94	1.39
57.97	1.4
57.99	1.39
58.02	1.39
58.04	1.38
58.07	1.38
58.09	1.35
58.11	1.36
58.14	1.33
58.16	1.32
58.19	1.3
58.21	1.28
58.24	1.28
58.26	1.29
58.29	1.27
58.31	1.3
58.33	1.29
58.36	1.28
58.38	1.27
58.41	1.25
58.43	1.24
58.46	1.23
58.48	1.2
58.51	1.2
58.53	1.17
58.55	1.17
58.58	1.18
58.6	1.17
58.63	1.16
58.65	1.15
58.68	1.15
58.7	1.16
58.73	1.16
58.75	1.14
58.77	1.14
58.8	1.13
58.82	1.13
58.85	1.13
58.87	1.12
58.9	1.11
58.92	1.12
58.94	1.1
58.97	1.11
58.99	1.1
59.02	1.1
59.04	1.1
59.07	1.11
59.09	1.1
59.12	1.12
59.14	1.11
59.16	1.13
59.19	1.11
59.21	1.12
59.24	1.11
59.26	1.09
59.29	1.08
59.31	1.09
59.34	1.08
59.36	1.09
59.38	1.09
59.41	1.1
59.43	1.11
59.46	1.13
59.48	1.1
59.51	1.12
59.53	1.11
59.56	1.11
59.58	1.12
59.6	1.12
59.63	1.12
59.65	1.13
59.68	1.13
59.7	1.16
59.73	1.17
59.75	1.16
59.78	1.16
59.8	1.16
59.82	1.17
59.85	1.18
59.87	1.17
59.9	1.17
59.92	1.18
59.95	1.18
59.97	1.19
59.99	1.19
