U1	IA
0.02	1.34
0.04	1.18
0.07	0.92
0.09	0.95
0.12	0.7
0.14	0.82
0.17	0.62
0.19	0.71
0.21	0.65
0.24	0.81
0.26	0.57
0.29	0.6
0.31	0.49
0.34	0.58
0.36	0.55
0.39	0.61
0.41	0.52
0.43	0.61
0.46	0.56
0.48	0.68
0.51	0.7
0.53	0.76
0.56	0.72
0.58	0.71
0.61	0.62
0.63	0.67
0.65	0.66
0.68	0.66
0.7	0.62
0.73	0.64
0.75	0.6
0.78	0.63
0.8	0.64
0.83	0.66
0.85	0.7
0.87	0.7
0.9	0.71
0.92	0.69
0.95	0.73
0.97	0.74
1	0.8
1.02	0.66
1.05	0.67
1.07	0.56
1.09	0.69
1.12	0.66
1.14	0.81
1.17	0.62
1.19	0.73
1.22	0.63
1.24	0.86
1.26	0.74
1.29	0.9
1.31	0.64
1.34	0.82
1.36	0.71
1.39	0.97
1.41	0.74
1.44	0.97
1.46	0.7
1.48	0.9
1.51	0.72
1.53	0.96
1.56	0.7
1.58	0.84
1.61	0.59
1.63	0.83
1.66	0.67
1.68	0.78
1.7	0.54
1.73	0.64
1.75	0.54
1.78	0.78
1.8	0.61
1.83	0.64
1.85	0.53
1.88	0.62
1.9	0.62
1.92	0.71
1.95	0.53
1.97	0.55
2	0.51
2.02	0.63
2.05	0.6
2.07	0.61
2.1	0.56
2.12	0.62
2.14	0.62
2.17	0.68
2.19	0.67
2.22	0.69
2.24	0.7
2.27	0.71
2.29	0.65
2.31	0.68
2.34	0.7
2.36	0.73
2.39	0.74
2.41	0.7
2.44	0.68
2.46	0.69
2.49	0.68
2.51	0.63
2.53	0.62
2.56	0.57
2.58	0.58
2.61	0.53
2.63	0.55
2.66	0.55
2.68	0.66
2.71	0.53
2.73	0.59
2.75	0.5
2.78	0.65
2.8	0.61
2.83	0.73
2.85	0.55
2.88	0.69
2.9	0.59
2.93	0.8
2.95	0.63
2.97	0.85
3	0.65
3.02	0.81
3.05	0.66
3.07	0.95
3.1	0.74
3.12	0.95
3.15	0.65
3.17	0.84
3.19	0.68
3.22	0.83
3.24	0.54
3.27	0.64
3.29	0.44
3.32	0.67
3.34	0.49
3.36	0.59
3.39	0.44
3.41	0.52
3.44	0.47
3.46	0.67
3.49	0.5
3.51	0.58
3.54	0.48
3.56	0.54
3.58	0.54
3.61	0.63
3.63	0.5
3.66	0.53
3.68	0.49
3.71	0.63
3.73	0.63
3.76	0.65
3.78	0.61
3.8	0.67
3.83	0.63
3.85	0.67
3.88	0.62
3.9	0.63
3.93	0.65
3.95	0.62
3.98	0.55
4	0.57
4.02	0.53
4.05	0.55
4.07	0.55
4.1	0.51
4.12	0.54
4.15	0.54
4.17	0.59
4.2	0.69
4.22	0.69
4.24	0.65
4.27	0.65
4.29	0.55
4.32	0.63
4.34	0.56
4.37	0.55
4.39	0.42
4.42	0.46
4.44	0.43
4.46	0.61
4.49	0.53
4.51	0.7
4.54	0.56
4.56	0.7
4.59	0.63
4.61	0.8
4.63	0.63
4.66	0.86
4.68	0.63
4.71	0.81
4.73	0.67
4.76	0.91
4.78	0.7
4.81	0.84
4.83	0.57
4.85	0.79
4.88	0.61
4.9	0.73
4.93	0.5
4.95	0.61
4.98	0.5
5	0.75
5.03	0.56
5.05	0.68
5.07	0.55
5.1	0.64
5.12	0.59
5.15	0.69
5.17	0.53
5.2	0.56
5.22	0.48
5.25	0.57
5.27	0.57
5.29	0.61
5.32	0.54
5.34	0.56
5.37	0.55
5.39	0.64
5.42	0.63
5.44	0.62
5.47	0.6
5.49	0.6
5.51	0.56
5.54	0.6
5.56	0.57
5.59	0.6
5.61	0.62
5.64	0.66
5.66	0.68
5.68	0.7
5.71	0.69
5.73	0.7
5.76	0.67
5.78	0.67
5.81	0.63
5.83	0.58
5.86	0.63
5.88	0.65
5.9	0.7
5.93	0.66
5.95	0.66
5.98	0.58
6	0.71
6.03	0.67
6.05	0.75
6.08	0.6
6.1	0.67
6.12	0.58
6.15	0.75
6.17	0.64
6.2	0.77
6.22	0.59
6.25	0.75
6.27	0.62
6.3	0.88
6.32	0.72
6.34	0.9
6.37	0.68
6.39	0.89
6.42	0.73
6.44	0.96
6.47	0.71
6.49	0.83
6.52	0.61
6.54	0.87
6.56	0.69
6.59	0.83
6.61	0.59
6.64	0.69
6.66	0.6
6.69	0.81
6.71	0.63
6.73	0.69
6.76	0.56
6.78	0.65
6.81	0.62
6.83	0.7
6.86	0.54
6.88	0.55
6.91	0.48
6.93	0.61
6.95	0.57
6.98	0.61
7	0.58
7.03	0.6
7.05	0.6
7.08	0.64
7.1	0.6
7.13	0.67
7.15	0.64
7.17	0.65
7.2	0.61
7.22	0.62
7.25	0.64
7.27	0.68
7.3	0.64
7.32	0.66
7.35	0.64
7.37	0.64
7.39	0.66
7.42	0.67
7.44	0.68
7.47	0.63
7.49	0.64
7.52	0.58
7.54	0.64
7.57	0.66
7.59	0.74
7.61	0.6
7.64	0.65
7.66	0.56
7.69	0.7
7.71	0.63
7.74	0.72
7.76	0.53
7.78	0.65
7.81	0.57
7.83	0.78
7.86	0.66
7.88	0.85
7.91	0.65
7.93	0.82
7.96	0.69
7.98	0.96
8	0.74
8.03	0.87
8.05	0.61
8.08	0.79
8.1	0.63
8.13	0.79
8.15	0.52
8.18	0.64
8.2	0.51
8.22	0.77
8.25	0.64
8.27	0.74
8.3	0.58
8.32	0.68
8.35	0.61
8.37	0.72
8.4	0.55
8.42	0.56
8.44	0.46
8.47	0.55
8.49	0.53
8.52	0.6
8.54	0.52
8.57	0.55
8.59	0.55
8.62	0.68
8.64	0.69
8.66	0.7
8.69	0.68
8.71	0.74
8.74	0.69
8.76	0.74
8.79	0.71
8.81	0.71
8.84	0.72
8.86	0.74
8.88	0.7
8.91	0.73
8.93	0.71
8.96	0.72
8.98	0.7
9.01	0.67
9.03	0.63
9.05	0.57
9.08	0.62
9.1	0.65
9.13	0.77
9.15	0.71
9.18	0.7
9.2	0.62
9.23	0.81
9.25	0.75
9.27	0.9
9.3	0.67
9.32	0.79
9.35	0.71
9.37	0.98
9.4	0.77
9.42	1.03
9.45	0.75
9.47	0.96
9.49	0.85
9.52	1.2
9.54	0.92
9.57	1.3
9.59	0.94
9.62	1.21
9.64	1
9.67	1.35
9.69	0.99
9.71	1.23
9.74	0.84
9.76	1.21
9.79	0.95
9.81	1.13
9.84	0.79
9.86	0.92
9.89	0.7
9.91	1.08
9.93	0.76
9.96	0.85
9.98	0.67
10.01	0.76
10.03	0.69
10.06	0.89
10.08	0.59
10.1	0.63
10.13	0.54
10.15	0.77
10.18	0.77
10.2	0.81
10.23	0.69
10.25	0.77
10.28	0.72
10.3	0.88
10.32	0.74
10.35	0.74
10.37	0.74
10.4	0.79
10.42	0.71
10.45	0.83
10.47	0.77
10.5	0.89
10.52	0.92
10.54	0.95
10.57	0.92
10.59	0.92
10.62	0.89
10.64	0.93
10.67	0.96
10.69	0.85
10.72	0.85
10.74	0.74
10.76	0.88
10.79	0.91
10.81	1.06
10.84	0.84
10.86	0.97
10.89	0.83
10.91	1.19
10.94	1.08
10.96	1.35
10.98	1.06
11.01	1.41
11.03	1.26
11.06	1.81
11.08	1.45
11.11	1.86
11.13	1.42
11.15	1.83
11.18	1.48
11.2	2.08
11.23	1.53
11.25	2.04
11.28	1.51
11.3	1.95
11.33	1.54
11.35	1.93
11.37	1.33
11.4	1.51
11.42	1
11.45	1.56
11.47	1.13
11.5	1.29
11.52	0.9
11.55	0.99
11.57	0.82
11.59	1.3
11.62	0.79
11.64	0.86
11.67	0.7
11.69	0.83
11.72	0.81
11.74	0.98
11.77	0.51
11.79	0.66
11.81	0.59
11.84	0.78
11.86	0.7
11.89	0.7
11.91	0.6
11.94	0.8
11.96	0.64
11.99	0.83
12.01	0.73
12.03	0.85
12.06	0.9
12.08	1.03
12.11	0.92
12.13	1.04
12.16	0.99
12.18	1.14
12.21	1.13
12.23	1.14
12.25	1.02
12.28	0.92
12.3	0.97
12.33	1.04
12.35	1.05
12.38	0.91
12.4	0.87
12.42	0.77
12.45	1.1
12.47	1.03
12.5	1.24
12.52	0.97
12.55	1.14
12.57	1.04
12.6	1.48
12.62	1.15
12.64	1.57
12.67	1.16
12.69	1.46
12.72	1.29
12.74	1.86
12.77	1.42
12.79	2.06
12.82	1.5
12.84	1.95
12.86	1.65
12.89	2.25
12.91	1.68
12.94	2.01
12.96	1.38
12.99	1.97
13.01	1.52
13.04	1.8
13.06	1.2
13.08	1.38
13.11	1.04
13.13	1.64
13.16	1.05
13.18	1.22
13.21	0.94
13.23	1.03
13.26	0.97
13.28	1.3
13.3	0.76
13.33	0.9
13.35	0.73
13.38	1.04
13.4	1.02
13.43	1.09
13.45	0.88
13.47	1.12
13.5	1.01
13.52	1.28
13.55	1.09
13.57	1.14
13.6	1.09
13.62	1.19
13.65	0.99
13.67	1.17
13.69	1.02
13.72	1.22
13.74	1.2
13.77	1.26
13.79	1.12
13.82	1.12
13.84	1.04
13.87	1.13
13.89	1.08
13.91	0.98
13.94	0.9
13.96	0.82
13.99	1.02
14.01	1.06
14.04	1.22
14.06	0.95
14.09	1.06
14.11	0.95
14.13	1.34
14.16	1.11
14.18	1.42
14.21	1.04
14.23	1.27
14.26	1.16
14.28	1.47
14.31	1.11
14.33	1.44
14.35	0.95
14.38	1.23
14.4	1
14.43	1.37
14.45	1.06
14.48	1.26
14.5	0.87
14.52	1.17
14.55	0.89
14.57	1.12
14.6	0.75
14.62	0.92
14.65	0.78
14.67	1.12
14.7	0.92
14.72	1.11
14.74	0.88
14.77	1.03
14.79	0.98
14.82	1.15
14.84	0.95
14.87	0.98
14.89	0.84
14.92	1
14.94	0.96
14.96	1.01
14.99	0.9
15.01	0.94
15.04	0.9
15.06	1.03
15.09	1
15.11	1.04
15.14	1
15.16	1
15.18	0.94
15.21	0.98
15.23	0.95
15.26	0.99
15.28	0.99
15.31	0.98
15.33	0.94
15.36	0.96
15.38	0.96
15.4	0.98
15.43	0.98
15.45	0.97
15.48	0.99
15.5	0.93
15.53	1.01
15.55	1.02
15.57	1.09
15.6	0.97
15.62	1
15.65	0.87
15.67	1.05
15.7	0.97
15.72	1.13
15.75	0.91
15.77	1.04
15.79	0.88
15.82	1.17
15.84	1.03
15.87	1.21
15.89	0.91
15.92	1.13
15.94	0.95
15.97	1.34
15.99	1.05
16.01	1.31
16.04	0.98
16.06	1.28
16.09	1.05
16.11	1.35
16.14	0.97
16.16	1.15
16.19	0.86
16.21	1.24
16.23	0.99
16.26	1.15
16.28	0.85
16.31	1.02
16.33	0.91
16.36	1.19
16.38	0.93
16.41	1
16.43	0.84
16.45	0.98
16.48	0.92
16.5	1.03
16.53	0.81
16.55	0.83
16.58	0.79
16.6	1
16.63	0.98
16.65	1.03
16.67	0.97
16.7	1.07
16.72	1.05
16.75	1.13
16.77	1.09
16.8	1.12
16.82	1.1
16.84	1.15
16.87	1.07
16.89	1.09
16.92	1.12
16.94	1.17
16.97	1.17
16.99	1.19
17.02	1.16
17.04	1.14
17.06	1.19
17.09	1.17
17.11	1.21
17.14	1.15
17.16	1.16
17.19	1.06
17.21	1.23
17.24	1.21
17.26	1.33
17.28	1.1
17.31	1.19
17.33	1.01
17.36	1.25
17.38	1.08
17.41	1.22
17.43	0.93
17.46	1.14
17.48	0.97
17.5	1.34
17.53	1.07
17.55	1.36
17.58	1.04
17.6	1.35
17.63	1.11
17.65	1.53
17.68	1.16
17.7	1.39
17.72	1
17.75	1.37
17.77	1.12
17.8	1.34
17.82	0.92
17.85	1.13
17.87	0.97
17.89	1.39
17.92	1.16
17.94	1.28
17.97	1.07
17.99	1.25
18.02	1.19
18.04	1.36
18.07	1.08
18.09	1.1
18.11	1
18.14	1.2
18.16	1.17
18.19	1.22
18.21	1.1
18.24	1.23
18.26	1.21
18.29	1.33
18.31	1.32
18.33	1.35
18.36	1.34
18.38	1.41
18.41	1.32
18.43	1.38
18.46	1.39
18.48	1.45
18.51	1.44
18.53	1.45
18.55	1.41
18.58	1.44
18.6	1.42
18.63	1.44
18.65	1.45
18.68	1.43
18.7	1.46
18.73	1.39
18.75	1.46
18.77	1.52
18.8	1.6
18.82	1.42
18.85	1.45
18.87	1.27
18.9	1.47
18.92	1.37
18.94	1.5
18.97	1.22
18.99	1.39
19.02	1.21
19.04	1.51
19.07	1.3
19.09	1.56
19.12	1.2
19.14	1.45
19.16	1.2
19.19	1.63
19.21	1.32
19.24	1.61
19.26	1.16
19.29	1.53
19.31	1.29
19.34	1.56
19.36	1.13
19.38	1.33
19.41	1.03
19.43	1.45
19.46	1.22
19.48	1.38
19.51	1.11
19.53	1.3
19.56	1.21
19.58	1.48
19.6	1.23
19.63	1.32
19.65	1.15
19.68	1.34
19.7	1.35
19.73	1.42
19.75	1.25
19.78	1.32
19.8	1.23
19.82	1.46
19.85	1.45
19.87	1.48
19.9	1.45
19.92	1.51
19.95	1.43
19.97	1.53
19.99	1.46
20.02	1.46
20.04	1.45
20.07	1.43
20.09	1.33
20.12	1.39
20.14	1.35
20.17	1.38
20.19	1.4
20.21	1.38
20.24	1.4
20.26	1.37
20.29	1.4
20.31	1.42
20.34	1.42
20.36	1.32
20.39	1.32
20.41	1.19
20.43	1.37
20.46	1.32
20.48	1.45
20.51	1.25
20.53	1.36
20.56	1.18
20.58	1.46
20.61	1.27
20.63	1.47
20.65	1.13
20.68	1.36
20.7	1.16
20.73	1.55
20.75	1.26
20.78	1.59
20.8	1.2
20.83	1.54
20.85	1.26
20.87	1.68
20.9	1.29
20.92	1.51
20.95	1.11
20.97	1.58
21	1.31
21.02	1.55
21.05	1.13
21.07	1.34
21.09	1.17
21.12	1.57
21.14	1.25
21.17	1.41
21.19	1.17
21.22	1.38
21.24	1.35
21.26	1.5
21.29	1.25
21.31	1.29
21.34	1.16
21.36	1.44
21.39	1.41
21.41	1.42
21.44	1.33
21.46	1.45
21.48	1.41
21.51	1.55
21.53	1.46
21.56	1.48
21.58	1.51
21.61	1.53
21.63	1.41
21.66	1.47
21.68	1.42
21.7	1.53
21.73	1.53
21.75	1.51
21.78	1.5
21.8	1.52
21.83	1.51
21.85	1.57
21.88	1.55
21.9	1.54
21.92	1.54
21.95	1.46
21.97	1.58
22	1.62
22.02	1.72
22.05	1.57
22.07	1.63
22.1	1.49
22.12	1.75
22.14	1.63
22.17	1.79
22.19	1.49
22.22	1.68
22.24	1.45
22.27	1.8
22.29	1.57
22.31	1.86
22.34	1.46
22.36	1.79
22.39	1.47
22.41	1.97
22.44	1.66
22.46	1.93
22.49	1.44
22.51	1.88
22.53	1.64
22.56	2.02
22.58	1.57
22.61	1.76
22.63	1.54
22.66	2.03
22.68	1.8
22.71	1.96
22.73	1.59
22.75	1.81
22.78	1.72
22.8	1.95
22.83	1.68
22.85	1.76
22.88	1.6
22.9	1.84
22.93	1.81
22.95	1.91
22.97	1.73
23	1.82
23.02	1.75
23.05	1.93
23.07	1.96
23.1	2.01
23.12	1.98
23.15	2.04
23.17	2.01
23.19	2.09
23.22	2.08
23.24	2.1
23.27	2.08
23.29	2.11
23.32	2.06
23.34	2.07
23.36	2.06
23.39	2.08
23.41	2.1
23.44	2.12
23.46	2.11
23.49	2.07
23.51	2.13
23.54	2.15
23.56	2.21
23.58	2.07
23.61	2.05
23.63	1.93
23.66	2.12
23.68	2.04
23.71	2.17
23.73	1.91
23.76	2.05
23.78	1.88
23.8	2.16
23.83	1.95
23.85	2.19
23.88	1.83
23.9	2.08
23.93	1.79
23.95	2.22
23.98	1.91
24	2.24
24.02	1.73
24.05	2.08
24.07	1.78
24.1	2.18
24.12	1.7
24.15	1.92
24.17	1.54
24.2	2.03
24.22	1.8
24.24	2.05
24.27	1.62
24.29	1.86
24.32	1.7
24.34	2.07
24.37	1.79
24.39	1.85
24.42	1.6
24.44	1.86
24.46	1.83
24.49	1.96
24.51	1.7
24.54	1.73
24.56	1.69
24.59	1.95
24.61	1.93
24.63	1.96
24.66	1.87
24.68	1.94
24.71	1.9
24.73	1.98
24.76	1.91
24.78	1.92
24.81	1.92
24.83	1.95
24.85	1.82
24.88	1.86
24.9	1.85
24.93	1.92
24.95	1.94
24.98	1.92
25	1.89
25.03	1.93
25.05	1.93
25.07	1.91
25.1	1.91
25.12	1.81
25.15	1.81
25.17	1.74
25.2	1.83
25.22	1.83
25.25	1.92
25.27	1.72
25.29	1.8
25.32	1.66
25.34	1.86
25.37	1.73
25.39	1.88
25.42	1.57
25.44	1.77
25.47	1.55
25.49	1.88
25.51	1.65
25.54	1.95
25.56	1.53
25.59	1.81
25.61	1.49
25.64	1.95
25.66	1.59
25.68	1.83
25.71	1.35
25.73	1.78
25.76	1.57
25.78	1.89
25.81	1.4
25.83	1.62
25.86	1.4
25.88	1.89
25.9	1.68
25.93	1.84
25.95	1.51
25.98	1.77
26	1.69
26.03	1.94
26.05	1.67
26.08	1.71
26.1	1.61
26.12	1.89
26.15	1.89
26.17	1.96
26.2	1.8
26.22	1.89
26.25	1.84
26.27	1.98
26.3	1.96
26.32	1.94
26.34	1.93
26.37	2.02
26.39	1.95
26.42	2.06
26.44	2.05
26.47	2.09
26.49	2.15
26.52	2.16
26.54	2.09
26.56	2.15
26.59	2.12
26.61	2.17
26.64	2.2
26.66	2.2
26.69	2.24
26.71	2.22
26.73	2.29
26.76	2.35
26.78	2.41
26.81	2.33
26.83	2.35
26.86	2.23
26.88	2.43
26.91	2.38
26.93	2.5
26.95	2.31
26.98	2.46
27	2.29
27.03	2.58
27.05	2.44
27.08	2.64
27.1	2.33
27.13	2.59
27.15	2.33
27.17	2.78
27.2	2.52
27.22	2.79
27.25	2.38
27.27	2.75
27.3	2.46
27.32	2.85
27.35	2.43
27.37	2.65
27.39	2.37
27.42	2.85
27.44	2.65
27.47	2.9
27.49	2.55
27.52	2.78
27.54	2.64
27.57	2.97
27.59	2.74
27.61	2.82
27.64	2.63
27.66	2.85
27.69	2.81
27.71	2.93
27.74	2.69
27.76	2.71
27.78	2.65
27.81	2.87
27.83	2.88
27.86	2.93
27.88	2.87
27.91	2.97
27.93	2.97
27.96	3.07
27.98	3.02
28	3.05
28.03	3.06
28.05	3.08
28.08	2.98
28.1	3.02
28.13	2.99
28.15	3.07
28.18	3.06
28.2	3.06
28.22	3.08
28.25	3.08
28.27	3.09
28.3	3.11
28.32	3.09
28.35	3.02
28.37	3.03
28.4	2.9
28.42	3.03
28.44	3
28.47	3.09
28.49	2.89
28.52	2.96
28.54	2.78
28.57	3.04
28.59	2.91
28.62	3.06
28.64	2.77
28.66	2.98
28.69	2.74
28.71	3.12
28.74	2.86
28.76	3.13
28.79	2.69
28.81	2.98
28.84	2.63
28.86	3.11
28.88	2.71
28.91	2.93
28.93	2.41
28.96	2.85
28.98	2.6
29.01	2.9
29.03	2.41
29.05	2.56
29.08	2.34
29.1	2.84
29.13	2.58
29.15	2.69
29.18	2.35
29.2	2.56
29.23	2.5
29.25	2.66
29.27	2.36
29.3	2.41
29.32	2.28
29.35	2.51
29.37	2.48
29.4	2.52
29.42	2.37
29.45	2.44
29.47	2.36
29.49	2.51
29.52	2.5
29.54	2.5
29.57	2.48
29.59	2.53
29.62	2.48
29.64	2.53
29.67	2.49
29.69	2.51
29.71	2.52
29.74	2.51
29.76	2.46
29.79	2.43
29.81	2.41
29.84	2.39
29.86	2.39
29.89	2.39
29.91	2.38
29.93	2.32
29.96	2.4
29.98	2.43
30.01	2.53
30.03	2.43
30.06	2.45
30.08	2.31
30.1	2.49
30.13	2.39
30.15	2.51
30.18	2.24
30.2	2.33
30.23	2.11
30.25	2.38
30.28	2.16
30.3	2.43
30.32	2.06
30.35	2.32
30.37	2.04
30.4	2.49
30.42	2.22
30.45	2.58
30.47	2.07
30.5	2.45
30.52	2.13
30.54	2.56
30.57	2.11
30.59	2.35
30.62	1.97
30.64	2.46
30.67	2.26
30.69	2.55
30.72	2.14
30.74	2.37
30.76	2.25
30.79	2.65
30.81	2.42
30.84	2.52
30.86	2.31
30.89	2.58
30.91	2.57
30.94	2.68
30.96	2.46
30.98	2.49
31.01	2.42
31.03	2.69
31.06	2.72
31.08	2.78
31.11	2.76
31.13	2.84
31.15	2.86
31.18	2.99
31.2	2.94
31.23	2.98
31.25	2.98
31.28	3
31.3	2.95
31.33	3.03
31.35	3.03
31.37	3.15
31.4	3.2
31.42	3.23
31.45	3.25
31.47	3.3
31.5	3.33
31.52	3.39
31.55	3.41
31.57	3.34
31.59	3.38
31.62	3.34
31.64	3.48
31.67	3.5
31.69	3.62
31.72	3.46
31.74	3.56
31.77	3.45
31.79	3.71
31.81	3.59
31.84	3.79
31.86	3.51
31.89	3.77
31.91	3.59
31.94	3.97
31.96	3.75
31.99	4.09
32.01	3.68
32.03	4.04
32.06	3.72
32.08	4.22
32.11	3.9
32.13	4.19
32.16	3.75
32.18	4.23
32.2	3.98
32.23	4.37
32.25	3.88
32.28	4.09
32.3	3.89
32.33	4.37
32.35	4.16
32.38	4.36
32.4	3.98
32.42	4.27
32.45	4.19
32.47	4.39
32.5	4.14
32.52	4.18
32.55	4.03
32.57	4.32
32.6	4.3
32.62	4.43
32.64	4.29
32.67	4.34
32.69	4.34
32.72	4.51
32.74	4.5
32.77	4.53
32.79	4.48
32.82	4.54
32.84	4.47
32.86	4.52
32.89	4.49
32.91	4.49
32.94	4.47
32.96	4.48
32.99	4.42
33.01	4.46
33.04	4.45
33.06	4.44
33.08	4.46
33.11	4.43
33.13	4.36
33.16	4.29
33.18	4.3
33.21	4.26
33.23	4.3
33.26	4.18
33.28	4.18
33.3	4.03
33.33	4.22
33.35	4.18
33.38	4.31
33.4	4.05
33.43	4.12
33.45	3.88
33.47	4.15
33.5	3.93
33.52	4.1
33.55	3.7
33.57	3.91
33.6	3.61
33.62	4.06
33.65	3.74
33.67	4.04
33.69	3.53
33.72	3.89
33.74	3.51
33.77	3.96
33.79	3.47
33.82	3.65
33.84	3.22
33.87	3.69
33.89	3.46
33.91	3.75
33.94	3.26
33.96	3.44
33.99	3.26
34.01	3.64
34.04	3.33
34.06	3.36
34.09	3.06
34.11	3.27
34.13	3.21
34.16	3.37
34.18	3.05
34.21	3.05
34.23	2.95
34.26	3.19
34.28	3.14
34.31	3.16
34.33	3.01
34.35	3.1
34.38	3.05
34.4	3.12
34.43	3.06
34.45	3.08
34.48	3.06
34.5	3.08
34.52	2.98
34.55	3.04
34.57	3
34.6	3.03
34.62	3.04
34.65	3.01
34.67	2.97
34.7	2.97
34.72	2.95
34.74	2.99
34.77	3.02
34.79	2.96
34.82	3.02
34.84	2.96
34.87	3.07
34.89	3.09
34.92	3.15
34.94	2.97
34.96	3.03
34.99	2.83
35.01	3.04
35.04	2.94
35.06	3.09
35.09	2.82
35.11	3.01
35.14	2.79
35.16	3.17
35.18	2.94
35.21	3.22
35.23	2.82
35.26	3.1
35.28	2.76
35.31	3.25
35.33	2.93
35.36	3.22
35.38	2.75
35.4	3.2
35.43	2.96
35.45	3.38
35.48	2.94
35.5	3.15
35.53	2.88
35.55	3.41
35.57	3.2
35.6	3.41
35.62	3.06
35.65	3.33
35.67	3.25
35.7	3.55
35.72	3.3
35.75	3.4
35.77	3.25
35.79	3.54
35.82	3.55
35.84	3.69
35.87	3.54
35.89	3.63
35.92	3.6
35.94	3.86
35.97	3.9
35.99	3.97
36.01	3.98
36.04	4.11
36.06	4.11
36.09	4.23
36.11	4.22
36.14	4.33
36.16	4.35
36.19	4.42
36.21	4.41
36.23	4.49
36.26	4.51
36.28	4.63
36.31	4.64
36.33	4.69
36.36	4.73
36.38	4.74
36.41	4.84
36.43	4.94
36.45	5.01
36.48	4.98
36.5	5.03
36.53	4.96
36.55	5.21
36.58	5.24
36.6	5.39
36.62	5.21
36.65	5.36
36.67	5.22
36.7	5.55
36.72	5.4
36.75	5.63
36.77	5.34
36.8	5.61
36.82	5.4
36.84	5.85
36.87	5.6
36.89	5.96
36.92	5.54
36.94	5.94
36.97	5.64
36.99	6.14
37.02	5.76
37.04	5.99
37.06	5.59
37.09	6.09
37.11	5.89
37.14	6.23
37.16	5.79
37.19	6.05
37.21	5.91
37.24	6.35
37.26	6.09
37.28	6.24
37.31	5.94
37.33	6.21
37.36	6.18
37.38	6.36
37.41	6.1
37.43	6.15
37.46	6.04
37.48	6.32
37.5	6.28
37.53	6.28
37.55	6.18
37.58	6.26
37.6	6.2
37.63	6.29
37.65	6.24
37.68	6.26
37.7	6.25
37.72	6.26
37.75	6.18
37.77	6.24
37.8	6.17
37.82	6.18
37.85	6.16
37.87	6.12
37.89	6.04
37.92	6.02
37.94	5.96
37.97	5.95
37.99	5.95
38.02	5.86
38.04	5.84
38.07	5.74
38.09	5.77
38.11	5.76
38.14	5.81
38.16	5.59
38.19	5.58
38.21	5.38
38.24	5.54
38.26	5.41
38.29	5.5
38.31	5.2
38.33	5.31
38.36	5.06
38.38	5.31
38.41	5.05
38.43	5.26
38.46	4.79
38.48	5.03
38.51	4.64
38.53	5.05
38.55	4.7
38.58	4.98
38.6	4.45
38.63	4.82
38.65	4.45
38.68	4.85
38.7	4.33
38.73	4.51
38.75	4.13
38.77	4.57
38.8	4.26
38.82	4.48
38.85	4
38.87	4.18
38.9	4.01
38.92	4.3
38.94	3.99
38.97	4.07
38.99	3.83
39.02	4.1
39.04	4.04
39.07	4.13
39.09	3.88
39.12	3.88
39.14	3.78
39.16	4
39.19	3.91
39.21	3.95
39.24	3.83
39.26	3.86
39.29	3.83
39.31	3.9
39.34	3.81
39.36	3.8
39.38	3.77
39.41	3.79
39.43	3.68
39.46	3.68
39.48	3.66
39.51	3.72
39.53	3.72
39.56	3.74
39.58	3.73
39.6	3.75
39.63	3.76
39.65	3.78
39.68	3.77
39.7	3.71
39.73	3.71
39.75	3.64
39.78	3.79
39.8	3.81
39.82	3.88
39.85	3.72
39.87	3.82
39.9	3.68
39.92	3.9
39.95	3.8
39.97	3.97
39.99	3.7
40.02	3.92
40.04	3.69
40.07	4.08
40.09	3.86
40.12	4.16
40.14	3.78
40.17	4.12
40.19	3.79
40.21	4.32
40.24	3.99
40.26	4.27
40.29	3.84
40.31	4.3
40.34	4.08
40.36	4.5
40.39	4.04
40.41	4.29
40.43	4.13
40.46	4.65
40.48	4.49
40.51	4.7
40.53	4.39
40.56	4.71
40.58	4.66
40.61	4.94
40.63	4.71
40.65	4.81
40.68	4.72
40.7	5.03
40.73	5.05
40.75	5.21
40.78	5.07
40.8	5.22
40.83	5.22
40.85	5.46
40.87	5.55
40.9	5.61
40.92	5.63
40.95	5.78
40.97	5.79
41	5.97
41.02	6
41.05	6.08
41.07	6.18
41.09	6.3
41.12	6.31
41.14	6.41
41.17	6.44
41.19	6.55
41.22	6.65
41.24	6.73
41.26	6.78
41.29	6.82
41.31	6.95
41.34	7.08
41.36	7.19
41.39	7.16
41.41	7.21
41.44	7.15
41.46	7.4
41.48	7.42
41.51	7.57
41.53	7.44
41.56	7.62
41.58	7.49
41.61	7.86
41.63	7.76
41.66	8.01
41.68	7.75
41.7	8.03
41.73	7.82
41.75	8.32
41.78	8.09
41.8	8.42
41.83	8.04
41.85	8.41
41.88	8.19
41.9	8.66
41.92	8.27
41.95	8.52
41.97	8.21
42	8.66
42.02	8.48
42.05	8.68
42.07	8.29
42.1	8.48
42.12	8.32
42.14	8.65
42.17	8.41
42.19	8.47
42.22	8.29
42.24	8.51
42.27	8.49
42.29	8.61
42.31	8.4
42.34	8.46
42.36	8.4
42.39	8.57
42.41	8.54
42.44	8.57
42.46	8.47
42.49	8.51
42.51	8.45
42.53	8.49
42.56	8.43
42.58	8.41
42.61	8.37
42.63	8.34
42.66	8.21
42.68	8.19
42.71	8.14
42.73	8.14
42.75	8.06
42.78	8
42.8	7.96
42.83	7.9
42.85	7.83
42.88	7.77
42.9	7.7
42.93	7.62
42.95	7.55
42.97	7.4
43	7.42
43.02	7.35
43.05	7.35
43.07	7.18
43.1	7.16
43.12	6.98
43.15	7.11
43.17	6.99
43.19	7.04
43.22	6.77
43.24	6.8
43.27	6.55
43.29	6.71
43.32	6.42
43.34	6.53
43.36	6.15
43.39	6.29
43.41	5.99
43.44	6.28
43.46	5.97
43.49	6.18
43.51	5.74
43.54	6.06
43.56	5.8
43.58	6.06
43.61	5.66
43.63	5.76
43.66	5.42
43.68	5.79
43.71	5.51
43.73	5.61
43.76	5.2
43.78	5.32
43.8	5.16
43.83	5.37
43.85	5.06
43.88	5.08
43.9	4.84
43.93	5.01
43.95	4.93
43.98	5.01
44	4.77
44.02	4.79
44.05	4.69
44.07	4.91
44.1	4.88
44.12	4.89
44.15	4.84
44.17	4.9
44.2	4.86
44.22	4.91
44.24	4.8
44.27	4.82
44.29	4.81
44.32	4.77
44.34	4.68
44.37	4.71
44.39	4.7
44.41	4.77
44.44	4.77
44.46	4.75
44.49	4.78
44.51	4.79
44.54	4.79
44.56	4.81
44.59	4.82
44.61	4.78
44.63	4.8
44.66	4.73
44.68	4.85
44.71	4.85
44.73	4.95
44.76	4.81
44.78	4.89
44.81	4.77
44.83	5
44.85	4.92
44.88	5.14
44.9	4.91
44.93	5.12
44.95	4.96
44.98	5.35
45	5.19
45.03	5.53
45.05	5.16
45.07	5.51
45.1	5.24
45.12	5.74
45.15	5.47
45.17	5.79
45.2	5.38
45.22	5.85
45.25	5.68
45.27	6.1
45.29	5.71
45.32	5.95
45.34	5.78
45.37	6.28
45.39	6.13
45.42	6.35
45.44	6.08
45.47	6.38
45.49	6.38
45.51	6.68
45.54	6.53
45.56	6.69
45.59	6.6
45.61	6.93
45.64	6.97
45.66	7.14
45.68	7.03
45.71	7.16
45.73	7.22
45.76	7.52
45.78	7.62
45.81	7.81
45.83	7.87
45.86	8.04
45.88	8.1
45.9	8.27
45.93	8.28
45.95	8.38
45.98	8.45
46	8.56
46.03	8.59
46.05	8.69
46.08	8.76
46.1	8.91
46.12	9.01
46.15	9.09
46.17	9.19
46.2	9.29
46.22	9.43
46.25	9.53
46.27	9.65
46.3	9.66
46.32	9.76
46.34	9.76
46.37	9.96
46.39	9.99
46.42	10.17
46.44	10.06
46.47	10.25
46.49	10.18
46.52	10.44
46.54	10.38
46.56	10.57
46.59	10.35
46.61	10.58
46.64	10.4
46.66	10.74
46.69	10.54
46.71	10.81
46.73	10.51
46.76	10.83
46.78	10.62
46.81	11.09
46.83	10.88
46.86	11.17
46.88	10.94
46.91	11.38
46.93	11.25
46.95	11.59
46.98	11.23
47	11.42
47.03	11.29
47.05	11.6
47.08	11.43
47.1	11.52
47.13	11.24
47.15	11.43
47.17	11.36
47.2	11.51
47.22	11.31
47.25	11.3
47.27	11.19
47.3	11.33
47.32	11.26
47.35	11.26
47.37	11.08
47.39	11.07
47.42	10.99
47.44	11.05
47.47	11
47.49	10.97
47.52	10.9
47.54	10.87
47.57	10.78
47.59	10.75
47.61	10.65
47.64	10.57
47.66	10.48
47.69	10.38
47.71	10.25
47.74	10.15
47.76	10.07
47.78	10.01
47.81	9.95
47.83	9.86
47.86	9.8
47.88	9.66
47.91	9.63
47.93	9.55
47.96	9.46
47.98	9.28
48	9.18
48.03	8.91
48.05	8.97
48.08	8.81
48.1	8.83
48.13	8.56
48.15	8.54
48.18	8.28
48.2	8.47
48.22	8.23
48.25	8.31
48.27	7.92
48.3	8.01
48.32	7.67
48.35	7.96
48.37	7.62
48.4	7.8
48.42	7.31
48.44	7.52
48.47	7.16
48.49	7.5
48.52	7.04
48.54	7.16
48.57	6.73
48.59	7.08
48.62	6.81
48.64	7
48.66	6.53
48.69	6.66
48.71	6.42
48.74	6.73
48.76	6.41
48.79	6.43
48.81	6.1
48.84	6.41
48.86	6.14
48.88	6.23
48.91	5.81
48.93	6.03
48.96	5.93
48.98	6.17
49.01	5.75
49.03	5.94
49.05	5.81
49.08	6.16
49.1	5.91
49.13	6.01
49.15	5.76
49.18	5.99
49.2	5.96
49.23	6.1
49.25	5.88
49.27	5.92
49.3	5.81
49.32	6.05
49.35	6.02
49.37	6.07
49.4	6.02
49.42	6.14
49.45	6.13
49.47	6.27
49.49	6.25
49.52	6.33
49.54	6.34
49.57	6.37
49.59	6.33
49.62	6.39
49.64	6.4
49.67	6.48
49.69	6.51
49.71	6.56
49.74	6.58
49.76	6.65
49.79	6.72
49.81	6.84
49.84	6.89
49.86	6.93
49.89	6.98
49.91	6.99
49.93	7.13
49.96	7.18
49.98	7.28
50.01	7.22
50.03	7.3
50.06	7.26
50.08	7.52
50.1	7.52
50.13	7.78
50.15	7.61
50.18	7.88
50.2	7.81
50.23	8.19
50.25	8.11
50.28	8.43
50.3	8.15
50.32	8.49
50.35	8.29
50.37	8.81
50.4	8.62
50.42	9.03
50.45	8.67
50.47	9.16
50.5	9.01
50.52	9.52
50.54	9.19
50.57	9.5
50.59	9.31
50.62	9.88
50.64	9.77
50.67	10.13
50.69	9.86
50.72	10.22
50.74	10.24
50.76	10.68
50.79	10.59
50.81	10.8
50.84	10.7
50.86	11.11
50.89	11.18
50.91	11.42
50.94	11.31
50.96	11.44
50.98	11.52
51.01	11.88
51.03	11.95
51.06	12.13
51.08	12.18
51.11	12.37
51.13	12.48
51.15	12.66
51.18	12.72
51.2	12.86
51.23	12.99
51.25	13.1
51.28	13.12
51.3	13.26
51.33	13.35
51.35	13.5
51.37	13.62
51.4	13.69
51.42	13.79
51.45	13.93
51.47	14.02
51.5	14.08
51.52	14.18
51.55	14.2
51.57	14.24
51.59	14.2
51.62	14.36
51.64	14.39
51.67	14.54
51.69	14.44
51.72	14.58
51.74	14.49
51.77	14.74
51.79	14.67
51.81	14.82
51.84	14.58
51.86	14.75
51.89	14.52
51.91	14.83
51.94	14.63
51.96	14.84
51.99	14.49
52.01	14.76
52.03	14.44
52.06	14.86
52.08	14.54
52.11	14.74
52.13	14.34
52.16	14.66
52.18	14.36
52.2	14.64
52.23	14.15
52.25	14.24
52.28	13.94
52.3	14.24
52.33	13.97
52.35	14.06
52.38	13.66
52.4	13.8
52.42	13.62
52.45	13.8
52.47	13.48
52.5	13.46
52.52	13.24
52.55	13.31
52.57	13.17
52.6	13.17
52.62	12.85
52.64	12.77
52.67	12.59
52.69	12.61
52.72	12.53
52.74	12.45
52.77	12.27
52.79	12.19
52.82	12.04
52.84	11.98
52.86	11.83
52.89	11.68
52.91	11.56
52.94	11.41
52.96	11.21
52.99	11.12
53.01	11
53.04	10.91
53.06	10.79
53.08	10.65
53.11	10.59
53.13	10.47
53.16	10.37
53.18	10.3
53.21	10.2
53.23	10.04
53.26	9.93
53.28	9.67
53.3	9.68
53.33	9.56
53.35	9.53
53.38	9.26
53.4	9.23
53.43	8.99
53.45	9.16
53.47	8.95
53.5	8.98
53.52	8.64
53.55	8.74
53.57	8.43
53.6	8.7
53.62	8.39
53.65	8.56
53.67	8.12
53.69	8.33
53.72	8.01
53.74	8.38
53.77	7.95
53.79	8.12
53.82	7.74
53.84	8.08
53.87	7.85
53.89	8.07
53.91	7.64
53.94	7.82
53.96	7.64
53.99	7.97
54.01	7.73
54.04	7.82
54.06	7.53
54.09	7.71
54.11	7.65
54.13	7.77
54.16	7.57
54.18	7.66
54.21	7.57
54.23	7.79
54.26	7.81
54.28	7.9
54.31	7.84
54.33	7.93
54.35	7.92
54.38	8.05
54.4	8.11
54.43	8.16
54.45	8.2
54.48	8.26
54.5	8.25
54.52	8.34
54.55	8.39
54.57	8.46
54.6	8.53
54.62	8.58
54.65	8.67
54.67	8.74
54.7	8.82
54.72	8.91
54.74	9
54.77	9.04
54.79	9.14
54.82	9.16
54.84	9.3
54.87	9.37
54.89	9.56
54.92	9.55
54.94	9.68
54.96	9.67
54.99	9.97
55.01	10.02
55.04	10.29
55.06	10.17
55.09	10.39
55.11	10.32
55.14	10.69
55.16	10.61
55.18	10.93
55.21	10.68
55.23	11.04
55.26	10.93
55.28	11.46
55.31	11.35
55.33	11.8
55.36	11.53
55.38	12.07
55.4	11.95
55.43	12.46
55.45	12.2
55.48	12.52
55.5	12.32
55.53	12.87
55.55	12.77
55.57	13.17
55.6	12.92
55.62	13.32
55.65	13.35
55.67	13.83
55.7	13.77
55.72	14.05
55.75	13.96
55.77	14.36
55.79	14.42
55.82	14.68
55.84	14.61
55.87	14.79
55.89	14.83
55.92	15.24
55.94	15.33
55.97	15.56
55.99	15.66
56.01	15.89
56.04	16.01
56.06	16.28
56.09	16.32
56.11	16.52
56.14	16.61
56.16	16.75
56.19	16.77
56.21	16.97
56.23	17.01
56.26	17.19
56.28	17.3
56.31	17.44
56.33	17.49
56.36	17.63
56.38	17.67
56.41	17.82
56.43	17.9
56.45	17.99
56.48	18.03
56.5	18.06
56.53	18.21
56.55	18.31
56.58	18.41
56.6	18.31
56.62	18.37
56.65	18.32
56.67	18.56
56.7	18.53
56.72	18.68
56.75	18.5
56.77	18.68
56.8	18.53
56.82	18.8
56.84	18.63
56.87	18.81
56.89	18.42
56.92	18.64
56.94	18.32
56.97	18.72
56.99	18.43
57.02	18.65
57.04	18.2
57.06	18.53
57.09	18.23
57.11	18.53
57.14	18.02
57.16	18.12
57.19	17.79
57.21	18.14
57.24	17.86
57.26	17.95
57.28	17.51
57.31	17.64
57.33	17.44
57.36	17.57
57.38	17.22
57.41	17.13
57.43	16.86
57.46	16.95
57.48	16.77
57.5	16.75
57.53	16.43
57.55	16.28
57.58	16.12
57.6	16.16
57.63	16.02
57.65	15.93
57.68	15.72
57.7	15.63
57.72	15.48
57.75	15.41
57.77	15.2
57.8	15.02
57.82	14.81
57.85	14.7
57.87	14.5
57.89	14.39
57.92	14.24
57.94	14.16
57.97	14.03
57.99	13.92
58.02	13.74
58.04	13.58
58.07	13.42
58.09	13.3
58.11	13.18
58.14	12.98
58.16	12.84
58.19	12.62
58.21	12.59
58.24	12.52
58.26	12.47
58.29	12.16
58.31	12.1
58.33	11.86
58.36	11.94
58.38	11.73
58.41	11.69
58.43	11.31
58.46	11.37
58.48	11.08
58.51	11.3
58.53	10.99
58.55	11.13
58.58	10.74
58.6	10.91
58.63	10.59
58.65	10.92
58.68	10.55
58.7	10.73
58.73	10.33
58.75	10.63
58.77	10.44
58.8	10.66
58.82	10.23
58.85	10.39
58.87	10.16
58.9	10.48
58.92	10.26
58.94	10.34
58.97	10.06
58.99	10.24
59.02	10.13
59.04	10.33
59.07	10.1
59.09	10.16
59.12	10.04
59.14	10.27
59.16	10.28
59.19	10.38
59.21	10.25
59.24	10.37
59.26	10.33
59.29	10.51
59.31	10.56
59.34	10.66
59.36	10.67
59.38	10.82
59.41	10.81
59.43	10.97
59.46	10.99
59.48	11.06
59.51	11.12
59.53	11.26
59.56	11.28
59.58	11.45
59.6	11.49
59.63	11.68
59.65	11.76
59.68	11.86
59.7	11.92
59.73	12.02
59.75	12.1
59.78	12.3
59.8	12.41
59.82	12.46
59.85	12.58
59.87	12.61
59.9	12.89
59.92	13
59.95	13.1
59.97	13.16
59.99	13.34
