U1	IA
0.02	0.59
0.04	0.57
0.07	0.53
0.09	0.51
0.12	0.46
0.14	0.49
0.17	0.48
0.19	0.48
0.21	0.49
0.24	0.49
0.26	0.48
0.29	0.49
0.31	0.47
0.34	0.49
0.36	0.48
0.39	0.48
0.41	0.48
0.43	0.48
0.46	0.47
0.48	0.5
0.51	0.48
0.53	0.5
0.56	0.48
0.58	0.49
0.61	0.49
0.63	0.51
0.65	0.48
0.68	0.49
0.7	0.48
0.73	0.48
0.75	0.47
0.78	0.48
0.8	0.47
0.83	0.47
0.85	0.46
0.87	0.47
0.9	0.47
0.92	0.46
0.95	0.48
0.97	0.48
1	0.49
1.02	0.5
1.05	0.5
1.07	0.5
1.09	0.51
1.12	0.49
1.14	0.49
1.17	0.48
1.19	0.47
1.22	0.5
1.24	0.5
1.26	0.51
1.29	0.52
1.31	0.5
1.34	0.52
1.36	0.53
1.39	0.51
1.41	0.51
1.44	0.49
1.46	0.48
1.48	0.49
1.51	0.46
1.53	0.47
1.56	0.45
1.58	0.46
1.61	0.46
1.63	0.47
1.66	0.46
1.68	0.49
1.7	0.48
1.73	0.51
1.75	0.5
1.78	0.51
1.8	0.5
1.83	0.51
1.85	0.48
1.88	0.49
1.9	0.47
1.92	0.48
1.95	0.5
1.97	0.51
2	0.51
2.02	0.53
2.05	0.52
2.07	0.55
2.1	0.54
2.12	0.52
2.14	0.5
2.17	0.49
2.19	0.48
2.22	0.49
2.24	0.46
2.27	0.47
2.29	0.46
2.31	0.47
2.34	0.49
2.36	0.5
2.39	0.49
2.41	0.51
2.44	0.5
2.46	0.51
2.49	0.51
2.51	0.51
2.53	0.5
2.56	0.5
2.58	0.47
2.61	0.49
2.63	0.49
2.66	0.48
2.68	0.53
2.71	0.53
2.73	0.54
2.75	0.54
2.78	0.54
2.8	0.55
2.83	0.56
2.85	0.5
2.88	0.5
2.9	0.48
2.93	0.5
2.95	0.49
2.97	0.47
3	0.46
3.02	0.47
3.05	0.46
3.07	0.49
3.1	0.47
3.12	0.49
3.15	0.51
3.17	0.51
3.19	0.51
3.22	0.52
3.24	0.5
3.27	0.5
3.29	0.49
3.32	0.47
3.34	0.47
3.36	0.47
3.39	0.46
3.41	0.5
3.44	0.48
3.46	0.48
3.49	0.48
3.51	0.48
3.54	0.49
3.56	0.5
3.58	0.47
3.61	0.48
3.63	0.46
3.66	0.47
3.68	0.47
3.71	0.46
3.73	0.45
3.76	0.46
3.78	0.45
3.8	0.49
3.83	0.48
3.85	0.48
3.88	0.49
3.9	0.5
3.93	0.49
3.95	0.5
3.98	0.48
4	0.49
4.02	0.48
4.05	0.48
4.07	0.48
4.1	0.48
4.12	0.47
4.15	0.5
4.17	0.49
4.2	0.51
4.22	0.5
4.24	0.49
4.27	0.51
4.29	0.51
4.32	0.5
4.34	0.51
4.37	0.48
4.39	0.48
4.42	0.47
4.44	0.46
4.46	0.46
4.49	0.45
4.51	0.44
4.54	0.45
4.56	0.45
4.59	0.45
4.61	0.49
4.63	0.5
4.66	0.51
4.68	0.5
4.71	0.5
4.73	0.51
4.76	0.51
4.78	0.49
4.81	0.49
4.83	0.47
4.85	0.48
4.88	0.48
4.9	0.49
4.93	0.49
4.95	0.48
4.98	0.46
5	0.49
5.03	0.48
5.05	0.48
5.07	0.48
5.1	0.46
5.12	0.45
5.15	0.46
5.17	0.44
5.2	0.45
5.22	0.43
5.25	0.44
5.27	0.46
5.29	0.46
5.32	0.45
5.34	0.5
5.37	0.49
5.39	0.52
5.42	0.51
5.44	0.51
5.47	0.5
5.49	0.52
5.51	0.49
5.54	0.5
5.56	0.47
5.59	0.48
5.61	0.48
5.64	0.49
5.66	0.47
5.68	0.48
5.71	0.46
5.73	0.51
5.76	0.51
5.78	0.51
5.81	0.51
5.83	0.49
5.86	0.49
5.88	0.51
5.9	0.48
5.93	0.49
5.95	0.47
5.98	0.47
6	0.49
6.03	0.49
6.05	0.47
6.08	0.49
6.1	0.48
6.12	0.5
6.15	0.5
6.17	0.5
6.2	0.5
6.22	0.51
6.25	0.49
6.27	0.5
6.3	0.49
6.32	0.49
6.34	0.49
6.37	0.48
6.39	0.49
6.42	0.49
6.44	0.49
6.47	0.52
6.49	0.52
6.52	0.52
6.54	0.52
6.56	0.49
6.59	0.5
6.61	0.49
6.64	0.46
6.66	0.46
6.69	0.46
6.71	0.45
6.73	0.49
6.76	0.48
6.78	0.49
6.81	0.49
6.83	0.49
6.86	0.49
6.88	0.5
6.91	0.48
6.93	0.49
6.95	0.48
6.98	0.49
7	0.49
7.03	0.49
7.05	0.48
7.08	0.49
7.1	0.47
7.13	0.48
7.15	0.46
7.17	0.46
7.2	0.49
7.22	0.49
7.25	0.47
7.27	0.49
7.3	0.47
7.32	0.48
7.35	0.47
7.37	0.46
7.39	0.46
7.42	0.45
7.44	0.44
7.47	0.48
7.49	0.48
7.52	0.49
7.54	0.48
7.57	0.48
7.59	0.49
7.61	0.5
7.64	0.47
7.66	0.48
7.69	0.46
7.71	0.47
7.74	0.48
7.76	0.47
7.78	0.46
7.81	0.47
7.83	0.47
7.86	0.49
7.88	0.49
7.91	0.49
7.93	0.52
7.96	0.52
7.98	0.53
8	0.52
8.03	0.5
8.05	0.5
8.08	0.49
8.1	0.46
8.13	0.47
8.15	0.45
8.18	0.46
8.2	0.48
8.22	0.48
8.25	0.49
8.27	0.51
8.3	0.52
8.32	0.53
8.35	0.53
8.37	0.52
8.4	0.51
8.42	0.52
8.44	0.52
8.47	0.53
8.49	0.51
8.52	0.51
8.54	0.51
8.57	0.52
8.59	0.51
8.62	0.51
8.64	0.5
8.66	0.54
8.69	0.53
8.71	0.53
8.74	0.53
8.76	0.54
8.79	0.52
8.81	0.53
8.84	0.5
8.86	0.51
8.88	0.5
8.91	0.51
8.93	0.51
8.96	0.52
8.98	0.5
9.01	0.51
9.03	0.5
9.05	0.53
9.08	0.52
9.1	0.52
9.13	0.52
9.15	0.54
9.18	0.52
9.2	0.54
9.23	0.51
9.25	0.53
9.27	0.52
9.3	0.51
9.32	0.51
9.35	0.52
9.37	0.5
9.4	0.54
9.42	0.53
9.45	0.55
9.47	0.55
9.49	0.56
9.52	0.55
9.54	0.55
9.57	0.53
9.59	0.54
9.62	0.51
9.64	0.51
9.67	0.52
9.69	0.52
9.71	0.54
9.74	0.53
9.76	0.53
9.79	0.56
9.81	0.57
9.84	0.56
9.86	0.56
9.89	0.55
9.91	0.56
9.93	0.56
9.96	0.54
9.98	0.53
10.01	0.54
10.03	0.53
10.06	0.54
10.08	0.54
10.1	0.54
10.13	0.55
10.15	0.55
10.18	0.53
10.2	0.55
10.23	0.53
10.25	0.54
10.28	0.53
10.3	0.54
10.32	0.54
10.35	0.54
10.37	0.52
10.4	0.54
10.42	0.53
10.45	0.54
10.47	0.54
10.5	0.55
10.52	0.56
10.54	0.57
10.57	0.55
10.59	0.56
10.62	0.55
10.64	0.56
10.67	0.57
10.69	0.57
10.72	0.57
10.74	0.58
10.76	0.57
10.79	0.59
10.81	0.57
10.84	0.57
10.86	0.58
10.89	0.59
10.91	0.57
10.94	0.59
10.96	0.58
10.98	0.6
11.01	0.58
11.03	0.59
11.06	0.59
11.08	0.59
11.11	0.58
11.13	0.6
11.15	0.58
11.18	0.59
11.2	0.6
11.23	0.61
11.25	0.62
11.28	0.63
11.3	0.6
11.33	0.62
11.35	0.61
11.37	0.62
11.4	0.64
11.42	0.64
11.45	0.64
11.47	0.65
11.5	0.65
11.52	0.67
11.55	0.67
11.57	0.64
11.59	0.63
11.62	0.63
11.64	0.63
11.67	0.63
11.69	0.62
11.72	0.62
11.74	0.62
11.77	0.64
11.79	0.65
11.81	0.64
11.84	0.64
11.86	0.65
11.89	0.65
11.91	0.63
11.94	0.64
11.96	0.65
11.99	0.69
12.01	0.68
12.03	0.67
12.06	0.67
12.08	0.68
12.11	0.68
12.13	0.69
12.16	0.68
12.18	0.69
12.21	0.69
12.23	0.7
12.25	0.71
12.28	0.72
12.3	0.68
12.33	0.69
12.35	0.67
12.38	0.68
12.4	0.67
12.42	0.68
12.45	0.67
12.47	0.68
12.5	0.67
12.52	0.69
12.55	0.66
12.57	0.67
12.6	0.67
12.62	0.68
12.64	0.67
12.67	0.69
12.69	0.68
12.72	0.71
12.74	0.71
12.77	0.71
12.79	0.71
12.82	0.72
12.84	0.71
12.86	0.74
12.89	0.73
12.91	0.74
12.94	0.74
12.96	0.74
12.99	0.75
13.01	0.76
13.04	0.74
13.06	0.76
13.08	0.75
13.11	0.75
13.13	0.75
13.16	0.74
13.18	0.73
13.21	0.74
13.23	0.73
13.26	0.75
13.28	0.74
13.3	0.74
13.33	0.77
13.35	0.77
13.38	0.78
13.4	0.78
13.43	0.77
13.45	0.78
13.47	0.8
13.5	0.78
13.52	0.79
13.55	0.77
13.57	0.79
13.6	0.81
13.62	0.82
13.65	0.82
13.67	0.83
13.69	0.82
13.72	0.85
13.74	0.84
13.77	0.83
13.79	0.82
13.82	0.82
13.84	0.82
13.87	0.83
13.89	0.81
13.91	0.82
13.94	0.81
13.96	0.82
13.99	0.82
14.01	0.83
14.04	0.82
14.06	0.84
14.09	0.83
14.11	0.85
14.13	0.84
14.16	0.85
14.18	0.84
14.21	0.86
14.23	0.84
14.26	0.87
14.28	0.85
14.31	0.87
14.33	0.88
14.35	0.9
14.38	0.88
14.4	0.89
14.43	0.87
14.45	0.9
14.48	0.89
14.5	0.89
14.52	0.88
14.55	0.87
14.57	0.86
14.6	0.88
14.62	0.86
14.65	0.87
14.67	0.85
14.7	0.86
14.72	0.88
14.74	0.88
14.77	0.87
14.79	0.91
14.82	0.9
14.84	0.92
14.87	0.93
14.89	0.93
14.92	0.94
14.94	0.94
14.96	0.91
14.99	0.91
15.01	0.91
15.04	0.91
15.06	0.93
15.09	0.92
15.11	0.93
15.14	0.94
15.16	0.95
15.18	0.97
15.21	0.97
15.23	0.95
15.26	0.95
15.28	0.93
15.31	0.93
15.33	0.92
15.36	0.92
15.38	0.92
15.4	0.92
15.43	0.92
15.45	0.94
15.48	0.94
15.5	0.95
15.53	0.96
15.55	0.97
15.57	0.96
15.6	0.98
15.62	0.97
15.65	0.98
15.67	0.98
15.7	0.96
15.72	0.96
15.75	0.96
15.77	0.95
15.79	0.98
15.82	0.98
15.84	0.99
15.87	0.98
15.89	0.99
15.92	1.01
15.94	1.03
15.97	0.99
15.99	0.99
16.01	0.97
16.04	0.98
16.06	0.97
16.09	0.96
16.11	0.95
16.14	0.96
16.16	0.96
16.19	0.99
16.21	0.98
16.23	0.99
16.26	1.02
16.28	1.04
16.31	1.02
16.33	1.03
16.36	1.02
16.38	1.03
16.41	1.02
16.43	1
16.45	0.99
16.48	0.99
16.5	0.98
16.53	1
16.55	1
16.58	1.02
16.6	1.02
16.63	1.02
16.65	1.06
16.67	1.07
16.7	1.06
16.72	1.07
16.75	1.05
16.77	1.04
16.8	1.04
16.82	1.04
16.84	1.04
16.87	1.03
16.89	1.03
16.92	1.05
16.94	1.05
16.97	1.05
16.99	1.08
17.02	1.08
17.04	1.1
17.06	1.09
17.09	1.1
17.11	1.1
17.14	1.12
17.16	1.09
17.19	1.11
17.21	1.09
17.24	1.1
17.26	1.09
17.28	1.11
17.31	1.11
17.33	1.13
17.36	1.11
17.38	1.16
17.41	1.15
17.43	1.16
17.46	1.15
17.48	1.15
17.5	1.14
17.53	1.16
17.55	1.14
17.58	1.15
17.6	1.14
17.63	1.15
17.65	1.16
17.68	1.18
17.7	1.16
17.72	1.2
17.75	1.2
17.77	1.22
17.8	1.22
17.82	1.23
17.85	1.23
17.87	1.25
17.89	1.22
17.92	1.24
17.94	1.22
17.97	1.24
17.99	1.23
18.02	1.24
18.04	1.23
18.07	1.25
18.09	1.24
18.11	1.28
18.14	1.28
18.16	1.29
18.19	1.29
18.21	1.29
18.24	1.28
18.26	1.29
18.29	1.27
18.31	1.28
18.33	1.26
18.36	1.27
18.38	1.29
18.41	1.29
18.43	1.29
18.46	1.32
18.48	1.32
18.51	1.34
18.53	1.35
18.55	1.34
18.58	1.35
18.6	1.36
18.63	1.34
18.65	1.35
18.68	1.35
18.7	1.35
18.73	1.37
18.75	1.36
18.77	1.38
18.8	1.38
18.82	1.38
18.85	1.41
18.87	1.42
18.9	1.4
18.92	1.42
18.94	1.38
18.97	1.4
18.99	1.4
19.02	1.39
19.04	1.39
19.07	1.4
19.09	1.38
19.12	1.42
19.14	1.4
19.16	1.41
19.19	1.42
19.21	1.42
19.24	1.42
19.26	1.45
19.29	1.44
19.31	1.46
19.34	1.45
19.36	1.43
19.38	1.43
19.41	1.42
19.43	1.41
19.46	1.42
19.48	1.41
19.51	1.42
19.53	1.43
19.56	1.43
19.58	1.46
19.6	1.47
19.63	1.46
19.65	1.47
19.68	1.45
19.7	1.45
19.73	1.45
19.75	1.43
19.78	1.42
19.8	1.42
19.82	1.41
19.85	1.45
19.87	1.43
19.9	1.44
19.92	1.46
19.95	1.46
19.97	1.47
19.99	1.47
20.02	1.46
20.04	1.47
20.07	1.47
20.09	1.46
20.12	1.47
20.14	1.45
20.17	1.45
20.19	1.46
20.21	1.47
20.24	1.48
20.26	1.48
20.29	1.46
20.31	1.5
20.34	1.5
20.36	1.49
20.39	1.49
20.41	1.47
20.43	1.46
20.46	1.47
20.48	1.44
20.51	1.45
20.53	1.43
20.56	1.43
20.58	1.45
20.61	1.45
20.63	1.46
20.65	1.47
20.68	1.47
20.7	1.49
20.73	1.49
20.75	1.49
20.78	1.48
20.8	1.49
20.83	1.48
20.85	1.49
20.87	1.46
20.9	1.47
20.92	1.47
20.95	1.48
20.97	1.47
21	1.49
21.02	1.48
21.05	1.53
21.07	1.52
21.09	1.54
21.12	1.53
21.14	1.54
21.17	1.52
21.19	1.54
21.22	1.51
21.24	1.52
21.26	1.49
21.29	1.5
21.31	1.51
21.34	1.52
21.36	1.51
21.39	1.53
21.41	1.53
21.44	1.56
21.46	1.56
21.48	1.55
21.51	1.55
21.53	1.57
21.56	1.56
21.58	1.59
21.61	1.56
21.63	1.57
21.66	1.58
21.68	1.59
21.7	1.6
21.73	1.61
21.75	1.6
21.78	1.66
21.8	1.66
21.83	1.66
21.85	1.66
21.88	1.66
21.9	1.68
21.92	1.69
21.95	1.68
21.97	1.68
22	1.68
22.02	1.68
22.05	1.72
22.07	1.71
22.1	1.72
22.12	1.73
22.14	1.73
22.17	1.75
22.19	1.77
22.22	1.76
22.24	1.78
22.27	1.78
22.29	1.79
22.31	1.82
22.34	1.82
22.36	1.81
22.39	1.82
22.41	1.82
22.44	1.83
22.46	1.84
22.49	1.84
22.51	1.87
22.53	1.9
22.56	1.9
22.58	1.93
22.61	1.92
22.63	1.94
22.66	1.95
22.68	1.96
22.71	1.95
22.73	1.96
22.75	1.95
22.78	1.99
22.8	1.98
22.83	1.99
22.85	2
22.88	2.02
22.9	2.04
22.93	2.06
22.95	2.05
22.97	2.06
23	2.06
23.02	2.07
23.05	2.09
23.07	2.09
23.1	2.08
23.12	2.1
23.15	2.1
23.17	2.13
23.19	2.13
23.22	2.13
23.24	2.14
23.27	2.15
23.29	2.14
23.32	2.17
23.34	2.16
23.36	2.17
23.39	2.16
23.41	2.17
23.44	2.2
23.46	2.18
23.49	2.18
23.51	2.19
23.54	2.2
23.56	2.2
23.58	2.21
23.61	2.2
23.63	2.23
23.66	2.22
23.68	2.22
23.71	2.22
23.73	2.24
23.76	2.23
23.78	2.25
23.8	2.24
23.83	2.24
23.85	2.23
23.88	2.23
23.9	2.22
23.93	2.24
23.95	2.21
23.98	2.23
24	2.22
24.02	2.24
24.05	2.24
24.07	2.24
24.1	2.23
24.12	2.24
24.15	2.22
24.17	2.23
24.2	2.2
24.22	2.2
24.24	2.19
24.27	2.2
24.29	2.19
24.32	2.21
24.34	2.2
24.37	2.23
24.39	2.22
24.42	2.21
24.44	2.19
24.46	2.2
24.49	2.18
24.51	2.21
24.54	2.19
24.56	2.2
24.59	2.19
24.61	2.2
24.63	2.19
24.66	2.2
24.68	2.17
24.71	2.18
24.73	2.15
24.76	2.16
24.78	2.14
24.81	2.14
24.83	2.13
24.85	2.14
24.88	2.13
24.9	2.14
24.93	2.1
24.95	2.11
24.98	2.12
25	2.13
25.03	2.12
25.05	2.12
25.07	2.1
25.1	2.13
25.12	2.13
25.15	2.11
25.17	2.11
25.2	2.1
25.22	2.09
25.25	2.11
25.27	2.11
25.29	2.11
25.32	2.12
25.34	2.11
25.37	2.13
25.39	2.13
25.42	2.12
25.44	2.11
25.47	2.1
25.49	2.09
25.51	2.1
25.54	2.09
25.56	2.11
25.59	2.1
25.61	2.12
25.64	2.12
25.66	2.12
25.68	2.11
25.71	2.13
25.73	2.12
25.76	2.13
25.78	2.13
25.81	2.14
25.83	2.15
25.86	2.17
25.88	2.16
25.9	2.17
25.93	2.17
25.95	2.18
25.98	2.2
26	2.21
26.03	2.21
26.05	2.23
26.08	2.23
26.1	2.27
26.12	2.27
26.15	2.27
26.17	2.27
26.2	2.28
26.22	2.27
26.25	2.3
26.27	2.29
26.3	2.31
26.32	2.31
26.34	2.32
26.37	2.33
26.39	2.36
26.42	2.34
26.44	2.38
26.47	2.38
26.49	2.41
26.52	2.42
26.54	2.44
26.56	2.45
26.59	2.48
26.61	2.47
26.64	2.5
26.66	2.51
26.69	2.54
26.71	2.58
26.73	2.6
26.76	2.61
26.78	2.64
26.81	2.66
26.83	2.68
26.86	2.69
26.88	2.67
26.91	2.69
26.93	2.7
26.95	2.7
26.98	2.73
27	2.75
27.03	2.77
27.05	2.79
27.08	2.81
27.1	2.86
27.13	2.88
27.15	2.9
27.17	2.93
27.2	2.95
27.22	2.96
27.25	2.99
27.27	2.99
27.3	3.02
27.32	3.03
27.35	3.03
27.37	3.05
27.39	3.07
27.42	3.09
27.44	3.14
27.47	3.15
27.49	3.17
27.52	3.19
27.54	3.21
27.57	3.24
27.59	3.26
27.61	3.25
27.64	3.28
27.66	3.26
27.69	3.28
27.71	3.29
27.74	3.29
27.76	3.29
27.78	3.31
27.81	3.31
27.83	3.36
27.86	3.36
27.88	3.38
27.91	3.4
27.93	3.42
27.96	3.41
27.98	3.43
28	3.42
28.03	3.44
28.05	3.43
28.08	3.43
28.1	3.44
28.13	3.45
28.15	3.44
28.18	3.48
28.2	3.47
28.22	3.49
28.25	3.49
28.27	3.5
28.3	3.5
28.32	3.51
28.35	3.48
28.37	3.49
28.4	3.47
28.42	3.47
28.44	3.46
28.47	3.45
28.49	3.46
28.52	3.46
28.54	3.45
28.57	3.47
28.59	3.47
28.62	3.46
28.64	3.49
28.66	3.47
28.69	3.47
28.71	3.45
28.74	3.45
28.76	3.44
28.79	3.45
28.81	3.41
28.84	3.42
28.86	3.39
28.88	3.39
28.91	3.39
28.93	3.38
28.96	3.36
28.98	3.36
29.01	3.33
29.03	3.35
29.05	3.34
29.08	3.32
29.1	3.3
29.13	3.28
29.15	3.25
29.18	3.25
29.2	3.21
29.23	3.2
29.25	3.18
29.27	3.18
29.3	3.18
29.32	3.17
29.35	3.16
29.37	3.19
29.4	3.18
29.42	3.19
29.45	3.17
29.47	3.17
29.49	3.15
29.52	3.14
29.54	3.09
29.57	3.1
29.59	3.07
29.62	3.07
29.64	3.06
29.67	3.06
29.69	3.05
29.71	3.06
29.74	3.04
29.76	3.07
29.79	3.05
29.81	3.05
29.84	3.03
29.86	3.01
29.89	2.99
29.91	3
29.93	2.97
29.96	2.97
29.98	2.95
30.01	2.96
30.03	2.98
30.06	2.98
30.08	2.98
30.1	3
30.13	2.99
30.15	2.99
30.18	2.99
30.2	2.99
30.23	2.99
30.25	2.98
30.28	2.96
30.3	2.97
30.32	2.98
30.35	2.98
30.37	2.99
30.4	2.99
30.42	3.01
30.45	3.01
30.47	3.02
30.5	3.05
30.52	3.07
30.54	3.06
30.57	3.08
30.59	3.07
30.62	3.08
30.64	3.09
30.67	3.09
30.69	3.08
30.72	3.1
30.74	3.11
30.76	3.15
30.79	3.16
30.81	3.18
30.84	3.21
30.86	3.23
30.89	3.25
30.91	3.29
30.94	3.3
30.96	3.33
30.98	3.34
31.01	3.35
31.03	3.36
31.06	3.38
31.08	3.39
31.11	3.42
31.13	3.43
31.15	3.47
31.18	3.49
31.2	3.52
31.23	3.57
31.25	3.62
31.28	3.63
31.3	3.68
31.33	3.67
31.35	3.71
31.37	3.73
31.4	3.75
31.42	3.76
31.45	3.8
31.47	3.81
31.5	3.88
31.52	3.9
31.55	3.94
31.57	3.99
31.59	4.03
31.62	4.07
31.64	4.12
31.67	4.14
31.69	4.19
31.72	4.22
31.74	4.24
31.77	4.29
31.79	4.3
31.81	4.32
31.84	4.36
31.86	4.39
31.89	4.44
31.91	4.47
31.94	4.49
31.96	4.56
31.99	4.6
32.01	4.64
32.03	4.67
32.06	4.67
32.08	4.7
32.11	4.73
32.13	4.74
32.16	4.77
32.18	4.78
32.2	4.81
32.23	4.86
32.25	4.89
32.28	4.91
32.3	4.97
32.33	4.99
32.35	5.03
32.38	5.05
32.4	5.07
32.42	5.08
32.45	5.11
32.47	5.1
32.5	5.12
32.52	5.11
32.55	5.13
32.57	5.15
32.6	5.17
32.62	5.18
32.64	5.21
32.67	5.21
32.69	5.27
32.72	5.27
32.74	5.28
32.77	5.28
32.79	5.27
32.82	5.25
32.84	5.27
32.86	5.24
32.89	5.25
32.91	5.23
32.94	5.25
32.96	5.25
32.99	5.26
33.01	5.24
33.04	5.26
33.06	5.24
33.08	5.24
33.11	5.22
33.13	5.23
33.16	5.2
33.18	5.21
33.21	5.18
33.23	5.18
33.26	5.15
33.28	5.15
33.3	5.13
33.33	5.12
33.35	5.1
33.38	5.09
33.4	5.05
33.43	5.08
33.45	5.05
33.47	5.02
33.5	5
33.52	4.95
33.55	4.94
33.57	4.93
33.6	4.88
33.62	4.85
33.65	4.82
33.67	4.79
33.69	4.8
33.72	4.77
33.74	4.74
33.77	4.71
33.79	4.7
33.82	4.69
33.84	4.68
33.87	4.64
33.89	4.63
33.91	4.6
33.94	4.57
33.96	4.55
33.99	4.51
34.01	4.48
34.04	4.47
34.06	4.43
34.09	4.43
34.11	4.4
34.13	4.37
34.16	4.39
34.18	4.37
34.21	4.34
34.23	4.33
34.26	4.27
34.28	4.26
34.31	4.23
34.33	4.2
34.35	4.17
34.38	4.15
34.4	4.12
34.43	4.15
34.45	4.12
34.48	4.13
34.5	4.11
34.52	4.11
34.55	4.11
34.57	4.13
34.6	4.1
34.62	4.11
34.65	4.08
34.67	4.08
34.7	4.08
34.72	4.06
34.74	4.03
34.77	4.04
34.79	4.03
34.82	4.03
34.84	4.02
34.87	4.02
34.89	4.05
34.92	4.06
34.94	4.05
34.96	4.07
34.99	4.07
35.01	4.08
35.04	4.07
35.06	4.06
35.09	4.08
35.11	4.09
35.14	4.09
35.16	4.11
35.18	4.12
35.21	4.14
35.23	4.17
35.26	4.18
35.28	4.21
35.31	4.22
35.33	4.23
35.36	4.25
35.38	4.27
35.4	4.31
35.43	4.35
35.45	4.34
35.48	4.37
35.5	4.4
35.53	4.44
35.55	4.47
35.57	4.48
35.6	4.49
35.62	4.56
35.65	4.58
35.67	4.63
35.7	4.65
35.72	4.68
35.75	4.7
35.77	4.75
35.79	4.76
35.82	4.81
35.84	4.82
35.87	4.87
35.89	4.9
35.92	4.95
35.94	4.98
35.97	5.03
35.99	5.06
36.01	5.12
36.04	5.16
36.06	5.21
36.09	5.24
36.11	5.31
36.14	5.35
36.16	5.42
36.19	5.46
36.21	5.52
36.23	5.57
36.26	5.62
36.28	5.67
36.31	5.72
36.33	5.75
36.36	5.83
36.38	5.87
36.41	5.92
36.43	5.98
36.45	6.04
36.48	6.09
36.5	6.15
36.53	6.19
36.55	6.27
36.58	6.3
36.6	6.35
36.62	6.4
36.65	6.45
36.67	6.5
36.7	6.55
36.72	6.58
36.75	6.64
36.77	6.7
36.8	6.75
36.82	6.81
36.84	6.86
36.87	6.9
36.89	6.97
36.92	7
36.94	7.03
36.97	7.12
36.99	7.14
37.02	7.19
37.04	7.22
37.06	7.25
37.09	7.32
37.11	7.35
37.14	7.33
37.16	7.37
37.19	7.38
37.21	7.44
37.24	7.46
37.26	7.47
37.28	7.49
37.31	7.51
37.33	7.52
37.36	7.55
37.38	7.56
37.41	7.58
37.43	7.6
37.46	7.61
37.48	7.63
37.5	7.66
37.53	7.65
37.55	7.66
37.58	7.65
37.6	7.65
37.63	7.65
37.65	7.65
37.68	7.64
37.7	7.66
37.72	7.63
37.75	7.63
37.77	7.6
37.8	7.59
37.82	7.58
37.85	7.56
37.87	7.51
37.89	7.52
37.92	7.48
37.94	7.48
37.97	7.44
37.99	7.42
38.02	7.4
38.04	7.36
38.07	7.32
38.09	7.31
38.11	7.26
38.14	7.24
38.16	7.19
38.19	7.15
38.21	7.13
38.24	7.1
38.26	7.04
38.29	7.02
38.31	6.98
38.33	6.95
38.36	6.93
38.38	6.88
38.41	6.83
38.43	6.8
38.46	6.75
38.48	6.72
38.51	6.67
38.53	6.61
38.55	6.58
38.58	6.52
38.6	6.48
38.63	6.44
38.65	6.38
38.68	6.33
38.7	6.29
38.73	6.24
38.75	6.23
38.77	6.17
38.8	6.14
38.82	6.11
38.85	6.08
38.87	6.04
38.9	6.02
38.92	5.97
38.94	5.95
38.97	5.91
38.99	5.86
39.02	5.82
39.04	5.79
39.07	5.76
39.09	5.76
39.12	5.72
39.14	5.71
39.16	5.69
39.19	5.68
39.21	5.66
39.24	5.65
39.26	5.6
39.29	5.6
39.31	5.56
39.34	5.55
39.36	5.53
39.38	5.52
39.41	5.49
39.43	5.5
39.46	5.47
39.48	5.49
39.51	5.46
39.53	5.46
39.56	5.47
39.58	5.48
39.6	5.46
39.63	5.48
39.65	5.46
39.68	5.49
39.7	5.49
39.73	5.48
39.75	5.5
39.78	5.51
39.8	5.5
39.82	5.55
39.85	5.56
39.87	5.58
39.9	5.6
39.92	5.61
39.95	5.64
39.97	5.67
39.99	5.67
40.02	5.71
40.04	5.73
40.07	5.75
40.09	5.78
40.12	5.82
40.14	5.85
40.17	5.88
40.19	5.9
40.21	5.94
40.24	5.97
40.26	6
40.29	6.06
40.31	6.1
40.34	6.16
40.36	6.2
40.39	6.26
40.41	6.32
40.43	6.38
40.46	6.41
40.48	6.46
40.51	6.48
40.53	6.54
40.56	6.59
40.58	6.66
40.61	6.71
40.63	6.77
40.65	6.82
40.68	6.91
40.7	6.97
40.73	7.04
40.75	7.09
40.78	7.15
40.8	7.21
40.83	7.3
40.85	7.34
40.87	7.41
40.9	7.45
40.92	7.52
40.95	7.6
40.97	7.67
41	7.73
41.02	7.83
41.05	7.9
41.07	7.99
41.09	8.06
41.12	8.13
41.14	8.21
41.17	8.3
41.19	8.34
41.22	8.42
41.24	8.49
41.26	8.57
41.29	8.66
41.31	8.74
41.34	8.81
41.36	8.9
41.39	8.97
41.41	9.07
41.44	9.14
41.46	9.19
41.48	9.27
41.51	9.33
41.53	9.38
41.56	9.45
41.58	9.49
41.61	9.56
41.63	9.62
41.66	9.67
41.68	9.75
41.7	9.83
41.73	9.89
41.75	9.96
41.78	10.01
41.8	10.07
41.83	10.14
41.85	10.17
41.88	10.22
41.9	10.27
41.92	10.3
41.95	10.33
41.97	10.37
42	10.39
42.02	10.46
42.05	10.49
42.07	10.52
42.1	10.55
42.12	10.59
42.14	10.62
42.17	10.66
42.19	10.64
42.22	10.68
42.24	10.68
42.27	10.7
42.29	10.7
42.31	10.7
42.34	10.69
42.36	10.69
42.39	10.67
42.41	10.68
42.44	10.66
42.46	10.67
42.49	10.66
42.51	10.66
42.53	10.63
42.56	10.63
42.58	10.6
42.61	10.59
42.63	10.55
42.66	10.51
42.68	10.48
42.71	10.45
42.73	10.4
42.75	10.39
42.78	10.33
42.8	10.3
42.83	10.25
42.85	10.21
42.88	10.18
42.9	10.15
42.93	10.06
42.95	10.03
42.97	9.95
43	9.9
43.02	9.84
43.05	9.78
43.07	9.71
43.1	9.66
43.12	9.59
43.15	9.56
43.17	9.47
43.19	9.41
43.22	9.36
43.24	9.32
43.27	9.26
43.29	9.2
43.32	9.13
43.34	9.09
43.36	9.03
43.39	8.95
43.41	8.88
43.44	8.8
43.46	8.73
43.49	8.69
43.51	8.63
43.54	8.57
43.56	8.51
43.58	8.46
43.61	8.44
43.63	8.38
43.66	8.31
43.68	8.25
43.71	8.18
43.73	8.13
43.76	8.07
43.78	8
43.8	7.96
43.83	7.9
43.85	7.85
43.88	7.82
43.9	7.78
43.93	7.74
43.95	7.74
43.98	7.7
44	7.68
44.02	7.65
44.05	7.62
44.07	7.59
44.1	7.58
44.12	7.51
44.15	7.51
44.17	7.46
44.2	7.45
44.22	7.44
44.24	7.44
44.27	7.41
44.29	7.42
44.32	7.4
44.34	7.43
44.37	7.41
44.39	7.41
44.41	7.39
44.44	7.39
44.46	7.38
44.49	7.4
44.51	7.38
44.54	7.4
44.56	7.4
44.59	7.43
44.61	7.46
44.63	7.49
44.66	7.49
44.68	7.55
44.71	7.57
44.73	7.6
44.76	7.61
44.78	7.66
44.81	7.69
44.83	7.75
44.85	7.76
44.88	7.82
44.9	7.85
44.93	7.9
44.95	7.95
44.98	8
45	8.03
45.03	8.09
45.05	8.13
45.07	8.22
45.1	8.27
45.12	8.32
45.15	8.38
45.17	8.43
45.2	8.5
45.22	8.58
45.25	8.63
45.27	8.7
45.29	8.76
45.32	8.81
45.34	8.91
45.37	8.97
45.39	9.04
45.42	9.12
45.44	9.19
45.47	9.27
45.49	9.38
45.51	9.45
45.54	9.55
45.56	9.62
45.59	9.7
45.61	9.79
45.64	9.88
45.66	9.94
45.68	10.04
45.71	10.1
45.73	10.2
45.76	10.27
45.78	10.36
45.81	10.46
45.83	10.58
45.86	10.66
45.88	10.79
45.9	10.86
45.93	10.97
45.95	11.06
45.98	11.15
46	11.23
46.03	11.33
46.05	11.4
46.08	11.52
46.1	11.59
46.12	11.69
46.15	11.8
46.17	11.9
46.2	11.99
46.22	12.11
46.25	12.2
46.27	12.32
46.3	12.41
46.32	12.49
46.34	12.6
46.37	12.69
46.39	12.76
46.42	12.84
46.44	12.92
46.47	13
46.49	13.07
46.52	13.14
46.54	13.25
46.56	13.35
46.59	13.43
46.61	13.52
46.64	13.57
46.66	13.66
46.69	13.71
46.71	13.76
46.73	13.82
46.76	13.86
46.78	13.9
46.81	13.97
46.83	14
46.86	14.06
46.88	14.13
46.91	14.17
46.93	14.21
46.95	14.25
46.98	14.29
47	14.32
47.03	14.35
47.05	14.35
47.08	14.38
47.1	14.37
47.13	14.39
47.15	14.4
47.17	14.42
47.2	14.42
47.22	14.43
47.25	14.42
47.27	14.44
47.3	14.43
47.32	14.41
47.35	14.39
47.37	14.36
47.39	14.33
47.42	14.32
47.44	14.28
47.47	14.26
47.49	14.23
47.52	14.21
47.54	14.19
47.57	14.16
47.59	14.09
47.61	14.07
47.64	14.01
47.66	13.97
47.69	13.9
47.71	13.85
47.74	13.77
47.76	13.75
47.78	13.66
47.81	13.62
47.83	13.52
47.86	13.47
47.88	13.39
47.91	13.33
47.93	13.22
47.96	13.16
47.98	13.04
48	13.01
48.03	12.92
48.05	12.83
48.08	12.73
48.1	12.65
48.13	12.57
48.15	12.5
48.18	12.39
48.2	12.31
48.22	12.2
48.25	12.12
48.27	12.04
48.3	11.95
48.32	11.86
48.35	11.76
48.37	11.67
48.4	11.6
48.42	11.52
48.44	11.45
48.47	11.37
48.49	11.29
48.52	11.22
48.54	11.17
48.57	11.09
48.59	11.03
48.62	10.94
48.64	10.87
48.66	10.8
48.69	10.73
48.71	10.65
48.74	10.61
48.76	10.54
48.79	10.49
48.81	10.44
48.84	10.38
48.86	10.36
48.88	10.32
48.91	10.27
48.93	10.24
48.96	10.2
48.98	10.17
49.01	10.15
49.03	10.1
49.05	10.08
49.08	10.05
49.1	10.03
49.13	10.03
49.15	10.01
49.18	9.99
49.2	10.01
49.23	10
49.25	10.01
49.27	10.01
49.3	10.01
49.32	10.01
49.35	10.03
49.37	10.02
49.4	10.05
49.42	10.05
49.45	10.08
49.47	10.12
49.49	10.15
49.52	10.17
49.54	10.2
49.57	10.22
49.59	10.29
49.62	10.3
49.64	10.33
49.67	10.37
49.69	10.42
49.71	10.47
49.74	10.54
49.76	10.58
49.79	10.67
49.81	10.72
49.84	10.79
49.86	10.85
49.89	10.91
49.91	10.95
49.93	11.05
49.96	11.1
49.98	11.19
50.01	11.26
50.03	11.36
50.06	11.45
50.08	11.55
50.1	11.6
50.13	11.71
50.15	11.78
50.18	11.89
50.2	11.97
50.23	12.05
50.25	12.14
50.28	12.24
50.3	12.32
50.32	12.44
50.35	12.53
50.37	12.63
50.4	12.74
50.42	12.85
50.45	12.96
50.47	13.08
50.5	13.19
50.52	13.31
50.54	13.42
50.57	13.52
50.59	13.66
50.62	13.77
50.64	13.88
50.67	13.99
50.69	14.09
50.72	14.21
50.74	14.34
50.76	14.43
50.79	14.56
50.81	14.67
50.84	14.8
50.86	14.93
50.89	15.05
50.91	15.16
50.94	15.3
50.96	15.4
50.98	15.52
51.01	15.61
51.03	15.72
51.06	15.87
51.08	15.99
51.11	16.11
51.13	16.25
51.15	16.34
51.18	16.48
51.2	16.58
51.23	16.69
51.25	16.79
51.28	16.89
51.3	16.99
51.33	17.11
51.35	17.2
51.37	17.29
51.4	17.39
51.42	17.49
51.45	17.58
51.47	17.68
51.5	17.77
51.52	17.88
51.55	17.97
51.57	18.04
51.59	18.13
51.62	18.2
51.64	18.25
51.67	18.32
51.69	18.38
51.72	18.45
51.74	18.5
51.77	18.57
51.79	18.65
51.81	18.7
51.84	18.75
51.86	18.79
51.89	18.81
51.91	18.84
51.94	18.85
51.96	18.86
51.99	18.87
52.01	18.88
52.03	18.9
52.06	18.93
52.08	18.94
52.11	18.94
52.13	18.97
52.16	18.97
52.18	18.97
52.2	18.94
52.23	18.93
52.25	18.9
52.28	18.89
52.3	18.84
52.33	18.83
52.35	18.79
52.38	18.78
52.4	18.75
52.42	18.72
52.45	18.67
52.47	18.62
52.5	18.57
52.52	18.55
52.55	18.47
52.57	18.4
52.6	18.32
52.62	18.25
52.64	18.18
52.67	18.12
52.69	18.01
52.72	17.96
52.74	17.88
52.77	17.81
52.79	17.76
52.82	17.67
52.84	17.56
52.86	17.5
52.89	17.39
52.91	17.3
52.94	17.19
52.96	17.08
52.99	16.98
53.01	16.89
53.04	16.77
53.06	16.7
53.08	16.56
53.11	16.47
53.13	16.38
53.16	16.29
53.18	16.18
53.21	16.08
53.23	15.94
53.26	15.9
53.28	15.77
53.3	15.66
53.33	15.53
53.35	15.41
53.38	15.3
53.4	15.22
53.43	15.09
53.45	15.01
53.47	14.91
53.5	14.82
53.52	14.75
53.55	14.67
53.57	14.57
53.6	14.49
53.62	14.4
53.65	14.33
53.67	14.26
53.69	14.2
53.72	14.15
53.74	14.09
53.77	14.03
53.79	14
53.82	13.95
53.84	13.9
53.87	13.86
53.89	13.81
53.91	13.78
53.94	13.75
53.96	13.71
53.99	13.72
54.01	13.7
54.04	13.66
54.06	13.65
54.09	13.61
54.11	13.6
54.13	13.58
54.16	13.56
54.18	13.56
54.21	13.57
54.23	13.57
54.26	13.62
54.28	13.62
54.31	13.66
54.33	13.68
54.35	13.72
54.38	13.74
54.4	13.78
54.43	13.81
54.45	13.87
54.48	13.9
54.5	13.94
54.52	13.99
54.55	14.03
54.57	14.09
54.6	14.15
54.62	14.19
54.65	14.28
54.67	14.34
54.7	14.42
54.72	14.51
54.74	14.57
54.77	14.65
54.79	14.74
54.82	14.8
54.84	14.89
54.87	14.97
54.89	15.05
54.92	15.16
54.94	15.27
54.96	15.37
54.99	15.49
55.01	15.6
55.04	15.72
55.06	15.84
55.09	15.95
55.11	16.05
55.14	16.16
55.16	16.25
55.18	16.37
55.21	16.48
55.23	16.59
55.26	16.73
55.28	16.85
55.31	16.98
55.33	17.11
55.36	17.25
55.38	17.39
55.4	17.54
55.43	17.64
55.45	17.81
55.48	17.93
55.5	18.07
55.53	18.19
55.55	18.33
55.57	18.44
55.6	18.59
55.62	18.71
55.65	18.88
55.67	18.99
55.7	19.14
55.72	19.29
55.75	19.45
55.77	19.58
55.79	19.73
55.82	19.84
55.84	19.99
55.87	20.1
55.89	20.23
55.92	20.34
55.94	20.5
55.97	20.63
55.99	20.8
56.01	20.91
56.04	21.08
56.06	21.22
56.09	21.37
56.11	21.51
56.14	21.63
56.16	21.73
56.19	21.88
56.21	21.97
56.23	22.09
56.26	22.19
56.28	22.3
56.31	22.43
56.33	22.54
56.36	22.65
56.38	22.79
56.41	22.87
56.43	23
56.45	23.11
56.48	23.21
56.5	23.3
56.53	23.39
56.55	23.44
56.58	23.54
56.6	23.6
56.62	23.67
56.65	23.74
56.67	23.81
56.7	23.88
56.72	23.97
56.75	24.01
56.77	24.08
56.8	24.14
56.82	24.2
56.84	24.25
56.87	24.29
56.89	24.31
56.92	24.37
56.94	24.4
56.97	24.41
56.99	24.42
57.02	24.44
57.04	24.46
57.06	24.49
57.09	24.5
57.11	24.51
57.14	24.49
57.16	24.48
57.19	24.5
57.21	24.48
57.24	24.46
57.26	24.44
57.28	24.42
57.31	24.41
57.33	24.4
57.36	24.33
57.38	24.31
57.41	24.24
57.43	24.19
57.46	24.14
57.48	24.07
57.5	24
57.53	23.94
57.55	23.87
57.58	23.82
57.6	23.77
57.63	23.69
57.65	23.64
57.68	23.55
57.7	23.47
57.72	23.38
57.75	23.27
57.77	23.17
57.8	23.06
57.82	22.95
57.85	22.85
57.87	22.73
57.89	22.62
57.92	22.55
57.94	22.43
57.97	22.33
57.99	22.21
58.02	22.13
58.04	22.03
58.07	21.93
58.09	21.79
58.11	21.69
58.14	21.57
58.16	21.46
58.19	21.32
58.21	21.22
58.24	21.1
58.26	20.99
58.29	20.88
58.31	20.79
58.33	20.68
58.36	20.58
58.38	20.46
58.41	20.35
58.43	20.25
58.46	20.14
58.48	20.01
58.51	19.9
58.53	19.8
58.55	19.7
58.58	19.63
58.6	19.53
58.63	19.46
58.65	19.41
58.68	19.34
58.7	19.26
58.73	19.22
58.75	19.13
58.77	19.08
58.8	19.01
58.82	18.94
58.85	18.89
58.87	18.86
58.9	18.79
58.92	18.77
58.94	18.73
58.97	18.73
58.99	18.71
59.02	18.7
59.04	18.68
59.07	18.69
59.09	18.66
59.12	18.68
59.14	18.66
59.16	18.66
59.19	18.67
59.21	18.69
59.24	18.69
59.26	18.72
59.29	18.73
59.31	18.77
59.34	18.77
59.36	18.8
59.38	18.84
59.41	18.89
59.43	18.94
59.46	19.01
59.48	19.06
59.51	19.15
59.53	19.2
59.56	19.28
59.58	19.35
59.6	19.42
59.63	19.48
59.65	19.57
59.68	19.65
59.7	19.74
59.73	19.83
59.75	19.91
59.78	20.02
59.8	20.14
59.82	20.23
59.85	20.35
59.87	20.43
59.9	20.53
59.92	20.66
59.95	20.77
59.97	20.86
59.99	20.93
