U1	IA
0.02	0.42
0.04	0.42
0.07	0.43
0.09	0.44
0.12	0.44
0.14	0.46
0.17	0.44
0.19	0.45
0.21	0.45
0.24	0.44
0.26	0.44
0.29	0.43
0.31	0.42
0.34	0.44
0.36	0.44
0.39	0.44
0.41	0.43
0.43	0.43
0.46	0.44
0.48	0.45
0.51	0.43
0.53	0.44
0.56	0.43
0.58	0.43
0.61	0.44
0.63	0.42
0.65	0.43
0.68	0.42
0.7	0.43
0.73	0.44
0.75	0.44
0.78	0.43
0.8	0.46
0.83	0.46
0.85	0.45
0.87	0.44
0.9	0.45
0.92	0.45
0.95	0.45
0.97	0.43
1	0.44
1.02	0.43
1.05	0.44
1.07	0.46
1.09	0.46
1.12	0.45
1.14	0.47
1.17	0.45
1.19	0.47
1.22	0.46
1.24	0.44
1.26	0.43
1.29	0.43
1.31	0.42
1.34	0.43
1.36	0.41
1.39	0.43
1.41	0.41
1.44	0.41
1.46	0.42
1.48	0.43
1.51	0.41
1.53	0.45
1.56	0.44
1.58	0.45
1.61	0.45
1.63	0.46
1.66	0.45
1.68	0.47
1.7	0.44
1.73	0.45
1.75	0.43
1.78	0.44
1.8	0.45
1.83	0.45
1.85	0.45
1.88	0.45
1.9	0.44
1.92	0.48
1.95	0.47
1.97	0.46
2	0.45
2.02	0.44
2.05	0.44
2.07	0.44
2.1	0.42
2.12	0.42
2.14	0.4
2.17	0.4
2.19	0.43
2.22	0.43
2.24	0.44
2.27	0.45
2.29	0.45
2.31	0.46
2.34	0.48
2.36	0.46
2.39	0.48
2.41	0.46
2.44	0.45
2.46	0.45
2.49	0.45
2.51	0.43
2.53	0.46
2.56	0.46
2.58	0.47
2.61	0.46
2.63	0.46
2.66	0.48
2.68	0.49
2.71	0.45
2.73	0.45
2.75	0.43
2.78	0.44
2.8	0.44
2.83	0.43
2.85	0.42
2.88	0.44
2.9	0.42
2.93	0.45
2.95	0.43
2.97	0.43
3	0.43
3.02	0.44
3.05	0.43
3.07	0.44
3.1	0.42
3.12	0.43
3.15	0.43
3.17	0.42
3.19	0.42
3.22	0.42
3.24	0.4
3.27	0.43
3.29	0.42
3.32	0.42
3.34	0.42
3.36	0.42
3.39	0.44
3.41	0.45
3.44	0.43
3.46	0.45
3.49	0.43
3.51	0.43
3.54	0.42
3.56	0.41
3.58	0.41
3.61	0.4
3.63	0.4
3.66	0.42
3.68	0.41
3.71	0.42
3.73	0.44
3.76	0.44
3.78	0.45
3.8	0.45
3.83	0.45
3.85	0.45
3.88	0.45
3.9	0.43
3.93	0.43
3.95	0.41
3.98	0.42
4	0.42
4.02	0.43
4.05	0.43
4.07	0.44
4.1	0.42
4.12	0.46
4.15	0.45
4.17	0.46
4.2	0.45
4.22	0.45
4.24	0.44
4.27	0.45
4.29	0.43
4.32	0.44
4.34	0.42
4.37	0.42
4.39	0.43
4.42	0.43
4.44	0.42
4.46	0.45
4.49	0.44
4.51	0.45
4.54	0.45
4.56	0.45
4.59	0.45
4.61	0.46
4.63	0.42
4.66	0.44
4.68	0.42
4.71	0.43
4.73	0.41
4.76	0.42
4.78	0.4
4.81	0.43
4.83	0.41
4.85	0.45
4.88	0.44
4.9	0.46
4.93	0.45
4.95	0.45
4.98	0.44
5	0.45
5.03	0.42
5.05	0.43
5.07	0.41
5.1	0.41
5.12	0.43
5.15	0.43
5.17	0.42
5.2	0.45
5.22	0.44
5.25	0.45
5.27	0.46
5.29	0.45
5.32	0.45
5.34	0.43
5.37	0.41
5.39	0.41
5.42	0.4
5.44	0.4
5.47	0.41
5.49	0.4
5.51	0.42
5.54	0.43
5.56	0.43
5.59	0.47
5.61	0.47
5.64	0.46
5.66	0.47
5.68	0.44
5.71	0.44
5.73	0.43
5.76	0.42
5.78	0.42
5.81	0.41
5.83	0.41
5.86	0.45
5.88	0.44
5.9	0.45
5.93	0.45
5.95	0.45
5.98	0.44
6	0.45
6.03	0.44
6.05	0.46
6.08	0.45
6.1	0.44
6.12	0.45
6.15	0.45
6.17	0.44
6.2	0.45
6.22	0.42
6.25	0.43
6.27	0.43
6.3	0.43
6.32	0.45
6.34	0.46
6.37	0.45
6.39	0.46
6.42	0.43
6.44	0.44
6.47	0.43
6.49	0.41
6.52	0.39
6.54	0.4
6.56	0.4
6.59	0.43
6.61	0.41
6.64	0.42
6.66	0.43
6.69	0.44
6.71	0.44
6.73	0.44
6.76	0.42
6.78	0.43
6.81	0.43
6.83	0.43
6.86	0.44
6.88	0.42
6.91	0.41
6.93	0.42
6.95	0.41
6.98	0.42
7	0.43
7.03	0.42
7.05	0.45
7.08	0.45
7.1	0.45
7.13	0.45
7.15	0.44
7.17	0.41
7.2	0.42
7.22	0.4
7.25	0.41
7.27	0.39
7.3	0.4
7.32	0.42
7.35	0.43
7.37	0.42
7.39	0.44
7.42	0.42
7.44	0.45
7.47	0.44
7.49	0.44
7.52	0.44
7.54	0.46
7.57	0.45
7.59	0.47
7.61	0.45
7.64	0.46
7.66	0.46
7.69	0.46
7.71	0.45
7.74	0.46
7.76	0.43
7.78	0.48
7.81	0.46
7.83	0.46
7.86	0.45
7.88	0.45
7.91	0.44
7.93	0.45
7.96	0.43
7.98	0.44
8	0.42
8.03	0.43
8.05	0.43
8.08	0.45
8.1	0.43
8.13	0.44
8.15	0.42
8.18	0.44
8.2	0.44
8.22	0.44
8.25	0.44
8.27	0.45
8.3	0.44
8.32	0.46
8.35	0.43
8.37	0.44
8.4	0.44
8.42	0.45
8.44	0.45
8.47	0.46
8.49	0.45
8.52	0.5
8.54	0.5
8.57	0.49
8.59	0.48
8.62	0.47
8.64	0.48
8.66	0.48
8.69	0.46
8.71	0.46
8.74	0.45
8.76	0.45
8.79	0.47
8.81	0.47
8.84	0.47
8.86	0.47
8.88	0.46
8.91	0.47
8.93	0.48
8.96	0.46
8.98	0.46
9.01	0.45
9.03	0.45
9.05	0.46
9.08	0.45
9.1	0.44
9.13	0.45
9.15	0.44
9.18	0.46
9.2	0.46
9.23	0.46
9.25	0.47
9.27	0.47
9.3	0.46
9.32	0.48
9.35	0.46
9.37	0.47
9.4	0.46
9.42	0.48
9.45	0.48
9.47	0.47
9.49	0.46
9.52	0.48
9.54	0.48
9.57	0.49
9.59	0.48
9.62	0.49
9.64	0.48
9.67	0.49
9.69	0.47
9.71	0.48
9.74	0.47
9.76	0.48
9.79	0.48
9.81	0.47
9.84	0.46
9.86	0.47
9.89	0.47
9.91	0.49
9.93	0.49
9.96	0.49
9.98	0.5
10.01	0.5
10.03	0.51
10.06	0.51
10.08	0.49
10.1	0.49
10.13	0.48
10.15	0.48
10.18	0.48
10.2	0.47
10.23	0.47
10.25	0.48
10.28	0.48
10.3	0.48
10.32	0.49
10.35	0.49
10.37	0.51
10.4	0.51
10.42	0.51
10.45	0.51
10.47	0.52
10.5	0.52
10.52	0.55
10.54	0.53
10.57	0.53
10.59	0.52
10.62	0.53
10.64	0.54
10.67	0.54
10.69	0.51
10.72	0.54
10.74	0.52
10.76	0.53
10.79	0.52
10.81	0.52
10.84	0.51
10.86	0.52
10.89	0.51
10.91	0.53
10.94	0.5
10.96	0.51
10.98	0.52
11.01	0.52
11.03	0.52
11.06	0.53
11.08	0.53
11.11	0.56
11.13	0.56
11.15	0.56
11.18	0.55
11.2	0.56
11.23	0.56
11.25	0.58
11.28	0.56
11.3	0.58
11.33	0.57
11.35	0.57
11.37	0.57
11.4	0.58
11.42	0.55
11.45	0.57
11.47	0.55
11.5	0.57
11.52	0.57
11.55	0.56
11.57	0.55
11.59	0.56
11.62	0.55
11.64	0.57
11.67	0.54
11.69	0.55
11.72	0.57
11.74	0.58
11.77	0.58
11.79	0.6
11.81	0.59
11.84	0.61
11.86	0.61
11.89	0.59
11.91	0.59
11.94	0.58
11.96	0.57
11.99	0.59
12.01	0.6
12.03	0.59
12.06	0.6
12.08	0.6
12.11	0.62
12.13	0.61
12.16	0.61
12.18	0.61
12.21	0.6
12.23	0.6
12.25	0.6
12.28	0.59
12.3	0.6
12.33	0.59
12.35	0.6
12.38	0.6
12.4	0.59
12.42	0.58
12.45	0.62
12.47	0.61
12.5	0.63
12.52	0.62
12.55	0.63
12.57	0.65
12.6	0.66
12.62	0.63
12.64	0.64
12.67	0.63
12.69	0.64
12.72	0.64
12.74	0.65
12.77	0.65
12.79	0.66
12.82	0.64
12.84	0.66
12.86	0.65
12.89	0.65
12.91	0.65
12.94	0.66
12.96	0.65
12.99	0.66
13.01	0.64
13.04	0.66
13.06	0.65
13.08	0.65
13.11	0.65
13.13	0.65
13.16	0.64
13.18	0.67
13.21	0.66
13.23	0.67
13.26	0.68
13.28	0.68
13.3	0.69
13.33	0.7
13.35	0.67
13.38	0.68
13.4	0.66
13.43	0.67
13.45	0.69
13.47	0.69
13.5	0.7
13.52	0.71
13.55	0.71
13.57	0.74
13.6	0.74
13.62	0.72
13.65	0.72
13.67	0.7
13.69	0.71
13.72	0.71
13.74	0.72
13.77	0.71
13.79	0.71
13.82	0.71
13.84	0.74
13.87	0.73
13.89	0.72
13.91	0.73
13.94	0.74
13.96	0.73
13.99	0.74
14.01	0.73
14.04	0.74
14.06	0.73
14.09	0.73
14.11	0.73
14.13	0.74
14.16	0.74
14.18	0.77
14.21	0.76
14.23	0.77
14.26	0.76
14.28	0.76
14.31	0.78
14.33	0.78
14.35	0.76
14.38	0.78
14.4	0.76
14.43	0.76
14.45	0.76
14.48	0.76
14.5	0.76
14.52	0.76
14.55	0.75
14.57	0.78
14.6	0.78
14.62	0.78
14.65	0.78
14.67	0.79
14.7	0.78
14.72	0.8
14.74	0.78
14.77	0.78
14.79	0.78
14.82	0.77
14.84	0.77
14.87	0.77
14.89	0.76
14.92	0.79
14.94	0.78
14.96	0.8
14.99	0.8
15.01	0.8
15.04	0.82
15.06	0.83
15.09	0.8
15.11	0.81
15.14	0.79
15.16	0.78
15.18	0.78
15.21	0.76
15.23	0.77
15.26	0.78
15.28	0.78
15.31	0.79
15.33	0.78
15.36	0.78
15.38	0.82
15.4	0.81
15.43	0.81
15.45	0.8
15.48	0.81
15.5	0.82
15.53	0.82
15.55	0.79
15.57	0.81
15.6	0.81
15.62	0.82
15.65	0.83
15.67	0.84
15.7	0.84
15.72	0.85
15.75	0.82
15.77	0.85
15.79	0.84
15.82	0.83
15.84	0.82
15.87	0.82
15.89	0.81
15.92	0.83
15.94	0.8
15.97	0.81
15.99	0.8
16.01	0.81
16.04	0.82
16.06	0.82
16.09	0.8
16.11	0.82
16.14	0.81
16.16	0.83
16.19	0.82
16.21	0.82
16.23	0.81
16.26	0.83
16.28	0.81
16.31	0.82
16.33	0.8
16.36	0.81
16.38	0.82
16.41	0.83
16.43	0.83
16.45	0.84
16.48	0.83
16.5	0.87
16.53	0.87
16.55	0.86
16.58	0.86
16.6	0.84
16.63	0.84
16.65	0.85
16.67	0.82
16.7	0.83
16.72	0.82
16.75	0.84
16.77	0.87
16.8	0.87
16.82	0.88
16.84	0.91
16.87	0.91
16.89	0.91
16.92	0.9
16.94	0.89
16.97	0.9
16.99	0.89
17.02	0.87
17.04	0.87
17.06	0.88
17.09	0.88
17.11	0.89
17.14	0.88
17.16	0.89
17.19	0.9
17.21	0.9
17.24	0.92
17.26	0.92
17.28	0.91
17.31	0.93
17.33	0.91
17.36	0.92
17.38	0.91
17.41	0.91
17.43	0.91
17.46	0.92
17.48	0.9
17.5	0.94
17.53	0.93
17.55	0.93
17.58	0.95
17.6	0.96
17.63	0.95
17.65	0.96
17.68	0.95
17.7	0.97
17.72	0.97
17.75	0.96
17.77	0.95
17.8	0.95
17.82	0.95
17.85	0.95
17.87	0.93
17.89	0.94
17.92	0.93
17.94	0.94
17.97	0.96
17.99	0.97
18.02	0.97
18.04	0.99
18.07	0.97
18.09	0.98
18.11	0.97
18.14	0.97
18.16	0.97
18.19	0.98
18.21	0.97
18.24	0.99
18.26	0.99
18.29	1
18.31	1.02
18.33	1.03
18.36	1.03
18.38	1.04
18.41	1.03
18.43	1.05
18.46	1.05
18.48	1.04
18.51	1.05
18.53	1.05
18.55	1.04
18.58	1.06
18.6	1.06
18.63	1.07
18.65	1.07
18.68	1.06
18.7	1.1
18.73	1.09
18.75	1.1
18.77	1.09
18.8	1.07
18.82	1.06
18.85	1.07
18.87	1.04
18.9	1.06
18.92	1.03
18.94	1.04
18.97	1.06
18.99	1.07
19.02	1.06
19.04	1.09
19.07	1.07
19.09	1.11
19.12	1.11
19.14	1.12
19.16	1.12
19.19	1.14
19.21	1.11
19.24	1.13
19.26	1.1
19.29	1.1
19.31	1.09
19.34	1.09
19.36	1.09
19.38	1.1
19.41	1.09
19.43	1.14
19.46	1.12
19.48	1.13
19.51	1.12
19.53	1.12
19.56	1.11
19.58	1.11
19.6	1.07
19.63	1.09
19.65	1.07
19.68	1.07
19.7	1.08
19.73	1.09
19.75	1.09
19.78	1.1
19.8	1.09
19.82	1.11
19.85	1.1
19.87	1.11
19.9	1.09
19.92	1.1
19.95	1.08
19.97	1.09
19.99	1.06
20.02	1.07
20.04	1.07
20.07	1.08
20.09	1.08
20.12	1.08
20.14	1.08
20.17	1.13
20.19	1.12
20.21	1.11
20.24	1.1
20.26	1.08
20.29	1.08
20.31	1.09
20.34	1.06
20.36	1.06
20.39	1.05
20.41	1.05
20.43	1.09
20.46	1.08
20.48	1.08
20.51	1.08
20.53	1.09
20.56	1.1
20.58	1.11
20.61	1.09
20.63	1.1
20.65	1.09
20.68	1.09
20.7	1.09
20.73	1.08
20.75	1.07
20.78	1.08
20.8	1.07
20.83	1.08
20.85	1.07
20.87	1.06
20.9	1.1
20.92	1.1
20.95	1.09
20.97	1.11
21	1.08
21.02	1.1
21.05	1.1
21.07	1.09
21.09	1.09
21.12	1.09
21.14	1.07
21.17	1.11
21.19	1.1
21.22	1.11
21.24	1.11
21.26	1.12
21.29	1.13
21.31	1.15
21.34	1.12
21.36	1.13
21.39	1.13
21.41	1.14
21.44	1.14
21.46	1.14
21.48	1.13
21.51	1.15
21.53	1.14
21.56	1.16
21.58	1.16
21.61	1.16
21.63	1.19
21.66	1.19
21.68	1.19
21.7	1.2
21.73	1.2
21.75	1.2
21.78	1.19
21.8	1.18
21.83	1.2
21.85	1.19
21.88	1.2
21.9	1.21
21.92	1.2
21.95	1.2
21.97	1.23
22	1.23
22.02	1.25
22.05	1.24
22.07	1.25
22.1	1.26
22.12	1.28
22.14	1.27
22.17	1.29
22.19	1.27
22.22	1.29
22.24	1.3
22.27	1.31
22.29	1.31
22.31	1.33
22.34	1.32
22.36	1.37
22.39	1.36
22.41	1.37
22.44	1.38
22.46	1.39
22.49	1.39
22.51	1.4
22.53	1.39
22.56	1.42
22.58	1.4
22.61	1.41
22.63	1.41
22.66	1.42
22.68	1.42
22.71	1.43
22.73	1.41
22.75	1.44
22.78	1.44
22.8	1.45
22.83	1.45
22.85	1.48
22.88	1.47
22.9	1.5
22.93	1.49
22.95	1.5
22.97	1.5
23	1.51
23.02	1.51
23.05	1.53
23.07	1.51
23.1	1.54
23.12	1.53
23.15	1.54
23.17	1.54
23.19	1.54
23.22	1.53
23.24	1.55
23.27	1.54
23.29	1.55
23.32	1.53
23.34	1.53
23.36	1.53
23.39	1.55
23.41	1.53
23.44	1.54
23.46	1.53
23.49	1.55
23.51	1.56
23.54	1.55
23.56	1.55
23.58	1.55
23.61	1.55
23.63	1.56
23.66	1.56
23.68	1.57
23.71	1.58
23.73	1.56
23.76	1.58
23.78	1.57
23.8	1.56
23.83	1.57
23.85	1.55
23.88	1.53
23.9	1.54
23.93	1.52
23.95	1.53
23.98	1.52
24	1.52
24.02	1.53
24.05	1.52
24.07	1.51
24.1	1.53
24.12	1.52
24.15	1.53
24.17	1.52
24.2	1.52
24.22	1.53
24.24	1.54
24.27	1.51
24.29	1.53
24.32	1.52
24.34	1.52
24.37	1.52
24.39	1.53
24.42	1.52
24.44	1.52
24.46	1.49
24.49	1.5
24.51	1.49
24.54	1.49
24.56	1.48
24.59	1.48
24.61	1.47
24.63	1.48
24.66	1.47
24.68	1.47
24.71	1.45
24.73	1.46
24.76	1.45
24.78	1.45
24.81	1.44
24.83	1.46
24.85	1.45
24.88	1.45
24.9	1.44
24.93	1.45
24.95	1.46
24.98	1.47
25	1.44
25.03	1.45
25.05	1.44
25.07	1.44
25.1	1.45
25.12	1.44
25.15	1.44
25.17	1.43
25.2	1.43
25.22	1.44
25.25	1.44
25.27	1.42
25.29	1.42
25.32	1.41
25.34	1.41
25.37	1.4
25.39	1.4
25.42	1.39
25.44	1.4
25.47	1.4
25.49	1.43
25.51	1.41
25.54	1.43
25.56	1.44
25.59	1.44
25.61	1.43
25.64	1.44
25.66	1.43
25.68	1.46
25.71	1.46
25.73	1.46
25.76	1.47
25.78	1.48
25.81	1.48
25.83	1.5
25.86	1.49
25.88	1.5
25.9	1.49
25.93	1.49
25.95	1.51
25.98	1.52
26	1.5
26.03	1.52
26.05	1.5
26.08	1.52
26.1	1.53
26.12	1.52
26.15	1.51
26.17	1.52
26.2	1.51
26.22	1.55
26.25	1.53
26.27	1.53
26.3	1.55
26.32	1.57
26.34	1.57
26.37	1.6
26.39	1.59
26.42	1.63
26.44	1.64
26.47	1.64
26.49	1.64
26.52	1.65
26.54	1.65
26.56	1.7
26.59	1.69
26.61	1.7
26.64	1.72
26.66	1.73
26.69	1.74
26.71	1.76
26.73	1.74
26.76	1.76
26.78	1.76
26.81	1.75
26.83	1.76
26.86	1.76
26.88	1.78
26.91	1.79
26.93	1.8
26.95	1.83
26.98	1.86
27	1.87
27.03	1.91
27.05	1.91
27.08	1.93
27.1	1.93
27.13	1.94
27.15	1.95
27.17	1.97
27.2	1.95
27.22	1.98
27.25	1.97
27.27	1.99
27.3	2.02
27.32	2.03
27.35	2.04
27.37	2.06
27.39	2.05
27.42	2.09
27.44	2.09
27.47	2.09
27.49	2.09
27.52	2.09
27.54	2.09
27.57	2.11
27.59	2.09
27.61	2.11
27.64	2.11
27.66	2.12
27.69	2.13
27.71	2.14
27.74	2.14
27.76	2.18
27.78	2.18
27.81	2.21
27.83	2.2
27.86	2.21
27.88	2.21
27.91	2.23
27.93	2.2
27.96	2.21
27.98	2.17
28	2.18
28.03	2.2
28.05	2.21
28.08	2.19
28.1	2.2
28.13	2.19
28.15	2.24
28.18	2.23
28.2	2.22
28.22	2.21
28.25	2.2
28.27	2.19
28.3	2.2
28.32	2.17
28.35	2.17
28.37	2.16
28.4	2.16
28.42	2.17
28.44	2.17
28.47	2.16
28.49	2.18
28.52	2.17
28.54	2.17
28.57	2.17
28.59	2.16
28.62	2.16
28.64	2.15
28.66	2.13
28.69	2.13
28.71	2.11
28.74	2.11
28.76	2.12
28.79	2.1
28.81	2.1
28.84	2.09
28.86	2.09
28.88	2.09
28.91	2.08
28.93	2.05
28.96	2.05
28.98	2.02
29.01	2.02
29.03	2
29.05	2
29.08	1.99
29.1	1.98
29.13	1.96
29.15	1.98
29.18	1.97
29.2	1.97
29.23	1.96
29.25	1.96
29.27	1.94
29.3	1.95
29.32	1.93
29.35	1.93
29.37	1.92
29.4	1.9
29.42	1.88
29.45	1.87
29.47	1.85
29.49	1.88
29.52	1.85
29.54	1.85
29.57	1.84
29.59	1.84
29.62	1.85
29.64	1.86
29.67	1.82
29.69	1.83
29.71	1.79
29.74	1.8
29.76	1.78
29.79	1.77
29.81	1.75
29.84	1.76
29.86	1.74
29.89	1.78
29.91	1.76
29.93	1.77
29.96	1.79
29.98	1.79
30.01	1.79
30.03	1.79
30.06	1.79
30.08	1.8
30.1	1.8
30.13	1.78
30.15	1.8
30.18	1.78
30.2	1.79
30.23	1.8
30.25	1.81
30.28	1.8
30.3	1.8
30.32	1.79
30.35	1.82
30.37	1.82
30.4	1.8
30.42	1.81
30.45	1.8
30.47	1.8
30.5	1.81
30.52	1.79
30.54	1.81
30.57	1.8
30.59	1.8
30.62	1.83
30.64	1.85
30.67	1.84
30.69	1.88
30.72	1.87
30.74	1.9
30.76	1.91
30.79	1.92
30.81	1.92
30.84	1.94
30.86	1.92
30.89	1.96
30.91	1.94
30.94	1.96
30.96	1.98
30.98	2.01
31.01	2
31.03	2.03
31.06	2.02
31.08	2.08
31.11	2.07
31.13	2.08
31.15	2.08
31.18	2.09
31.2	2.09
31.23	2.13
31.25	2.11
31.28	2.14
31.3	2.14
31.33	2.16
31.35	2.2
31.37	2.23
31.4	2.23
31.42	2.28
31.45	2.29
31.47	2.32
31.5	2.34
31.52	2.36
31.55	2.37
31.57	2.4
31.59	2.39
31.62	2.43
31.64	2.43
31.67	2.47
31.69	2.49
31.72	2.5
31.74	2.52
31.77	2.53
31.79	2.54
31.81	2.6
31.84	2.61
31.86	2.61
31.89	2.63
31.91	2.62
31.94	2.66
31.96	2.65
31.99	2.65
32.01	2.67
32.03	2.68
32.06	2.69
32.08	2.75
32.11	2.74
32.13	2.77
32.16	2.78
32.18	2.8
32.2	2.81
32.23	2.84
32.25	2.84
32.28	2.86
32.3	2.86
32.33	2.87
32.35	2.87
32.38	2.87
32.4	2.86
32.42	2.87
32.45	2.86
32.47	2.88
32.5	2.86
32.52	2.86
32.55	2.89
32.57	2.91
32.6	2.9
32.62	2.91
32.64	2.87
32.67	2.9
32.69	2.88
32.72	2.86
32.74	2.85
32.77	2.84
32.79	2.82
32.82	2.85
32.84	2.83
32.86	2.85
32.89	2.85
32.91	2.87
32.94	2.88
32.96	2.9
32.99	2.88
33.01	2.9
33.04	2.89
33.06	2.89
33.08	2.89
33.11	2.88
33.13	2.87
33.16	2.87
33.18	2.86
33.21	2.87
33.23	2.86
33.26	2.85
33.28	2.88
33.3	2.87
33.33	2.86
33.35	2.86
33.38	2.83
33.4	2.81
33.43	2.79
33.45	2.75
33.47	2.75
33.5	2.73
33.52	2.72
33.55	2.73
33.57	2.72
33.6	2.71
33.62	2.71
33.65	2.69
33.67	2.69
33.69	2.68
33.72	2.66
33.74	2.64
33.77	2.63
33.79	2.61
33.82	2.61
33.84	2.58
33.87	2.56
33.89	2.54
33.91	2.53
33.94	2.51
33.96	2.49
33.99	2.45
34.01	2.48
34.04	2.45
34.06	2.44
34.09	2.42
34.11	2.4
34.13	2.38
34.16	2.38
34.18	2.35
34.21	2.36
34.23	2.33
34.26	2.33
34.28	2.33
34.31	2.33
34.33	2.3
34.35	2.29
34.38	2.26
34.4	2.27
34.43	2.25
34.45	2.25
34.48	2.24
34.5	2.25
34.52	2.24
34.55	2.26
34.57	2.22
34.6	2.23
34.62	2.21
34.65	2.22
34.67	2.21
34.7	2.21
34.72	2.19
34.74	2.23
34.77	2.21
34.79	2.22
34.82	2.2
34.84	2.19
34.87	2.19
34.89	2.2
34.92	2.18
34.94	2.19
34.96	2.17
34.99	2.18
35.01	2.19
35.04	2.2
35.06	2.19
35.09	2.19
35.11	2.2
35.14	2.23
35.16	2.24
35.18	2.24
35.21	2.25
35.23	2.25
35.26	2.26
35.28	2.28
35.31	2.27
35.33	2.28
35.36	2.29
35.38	2.3
35.4	2.32
35.43	2.32
35.45	2.32
35.48	2.35
35.5	2.37
35.53	2.38
35.55	2.41
35.57	2.41
35.6	2.43
35.62	2.44
35.65	2.46
35.67	2.47
35.7	2.48
35.72	2.47
35.75	2.52
35.77	2.52
35.79	2.56
35.82	2.56
35.84	2.59
35.87	2.61
35.89	2.66
35.92	2.65
35.94	2.68
35.97	2.68
35.99	2.72
36.01	2.73
36.04	2.75
36.06	2.75
36.09	2.8
36.11	2.8
36.14	2.85
36.16	2.87
36.19	2.9
36.21	2.93
36.23	2.97
36.26	2.98
36.28	3.02
36.31	3.02
36.33	3.05
36.36	3.06
36.38	3.09
36.41	3.12
36.43	3.14
36.45	3.16
36.48	3.22
36.5	3.24
36.53	3.28
36.55	3.32
36.58	3.34
36.6	3.38
36.62	3.4
36.65	3.41
36.67	3.43
36.7	3.45
36.72	3.46
36.75	3.5
36.77	3.5
36.8	3.53
36.82	3.54
36.84	3.58
36.87	3.62
36.89	3.65
36.92	3.65
36.94	3.7
36.97	3.7
36.99	3.72
37.02	3.73
37.04	3.74
37.06	3.75
37.09	3.77
37.11	3.78
37.14	3.8
37.16	3.79
37.19	3.81
37.21	3.82
37.24	3.83
37.26	3.83
37.28	3.85
37.31	3.84
37.33	3.88
37.36	3.88
37.38	3.89
37.41	3.88
37.43	3.9
37.46	3.88
37.48	3.91
37.5	3.9
37.53	3.9
37.55	3.89
37.58	3.89
37.6	3.89
37.63	3.89
37.65	3.85
37.68	3.86
37.7	3.84
37.72	3.84
37.75	3.82
37.77	3.81
37.8	3.79
37.82	3.8
37.85	3.77
37.87	3.77
37.89	3.72
37.92	3.72
37.94	3.71
37.97	3.7
37.99	3.67
38.02	3.67
38.04	3.64
38.07	3.66
38.09	3.63
38.11	3.6
38.14	3.58
38.16	3.56
38.19	3.53
38.21	3.54
38.24	3.5
38.26	3.5
38.29	3.47
38.31	3.44
38.33	3.43
38.36	3.42
38.38	3.39
38.41	3.37
38.43	3.33
38.46	3.3
38.48	3.28
38.51	3.25
38.53	3.22
38.55	3.18
38.58	3.15
38.6	3.14
38.63	3.11
38.65	3.08
38.68	3.08
38.7	3.05
38.73	3.04
38.75	3.01
38.77	3
38.8	2.99
38.82	2.99
38.85	2.95
38.87	2.94
38.9	2.91
38.92	2.9
38.94	2.89
38.97	2.88
38.99	2.85
39.02	2.84
39.04	2.81
39.07	2.82
39.09	2.79
39.12	2.77
39.14	2.75
39.16	2.75
39.19	2.72
39.21	2.72
39.24	2.68
39.26	2.68
39.29	2.65
39.31	2.65
39.34	2.63
39.36	2.62
39.38	2.61
39.41	2.63
39.43	2.62
39.46	2.63
39.48	2.61
39.51	2.62
39.53	2.62
39.56	2.63
39.58	2.6
39.6	2.6
39.63	2.58
39.65	2.6
39.68	2.62
39.7	2.63
39.73	2.62
39.75	2.63
39.78	2.63
39.8	2.65
39.82	2.65
39.85	2.64
39.87	2.64
39.9	2.64
39.92	2.64
39.95	2.66
39.97	2.66
39.99	2.67
40.02	2.68
40.04	2.7
40.07	2.72
40.09	2.74
40.12	2.74
40.14	2.77
40.17	2.78
40.19	2.8
40.21	2.82
40.24	2.83
40.26	2.85
40.29	2.88
40.31	2.89
40.34	2.91
40.36	2.93
40.39	2.94
40.41	2.99
40.43	3
40.46	3.02
40.48	3.02
40.51	3.05
40.53	3.08
40.56	3.13
40.58	3.12
40.61	3.16
40.63	3.18
40.65	3.23
40.68	3.25
40.7	3.27
40.73	3.29
40.75	3.33
40.78	3.34
40.8	3.4
40.83	3.41
40.85	3.45
40.87	3.49
40.9	3.54
40.92	3.57
40.95	3.62
40.97	3.63
41	3.68
41.02	3.71
41.05	3.73
41.07	3.76
41.09	3.8
41.12	3.82
41.14	3.89
41.17	3.9
41.19	3.95
41.22	3.98
41.24	4.02
41.26	4.05
41.29	4.09
41.31	4.1
41.34	4.14
41.36	4.16
41.39	4.19
41.41	4.22
41.44	4.25
41.46	4.29
41.48	4.32
41.51	4.35
41.53	4.4
41.56	4.42
41.58	4.45
41.61	4.49
41.63	4.52
41.66	4.54
41.68	4.56
41.7	4.58
41.73	4.62
41.75	4.65
41.78	4.64
41.8	4.67
41.83	4.7
41.85	4.72
41.88	4.76
41.9	4.78
41.92	4.79
41.95	4.83
41.97	4.82
42	4.85
42.02	4.86
42.05	4.86
42.07	4.86
42.1	4.87
42.12	4.86
42.14	4.88
42.17	4.87
42.19	4.87
42.22	4.86
42.24	4.87
42.27	4.88
42.29	4.89
42.31	4.88
42.34	4.92
42.36	4.91
42.39	4.92
42.41	4.9
42.44	4.89
42.46	4.87
42.49	4.87
42.51	4.82
42.53	4.83
42.56	4.79
42.58	4.8
42.61	4.79
42.63	4.79
42.66	4.75
42.68	4.75
42.71	4.72
42.73	4.73
42.75	4.7
42.78	4.68
42.8	4.64
42.83	4.61
42.85	4.57
42.88	4.56
42.9	4.51
42.93	4.5
42.95	4.46
42.97	4.45
43	4.43
43.02	4.42
43.05	4.36
43.07	4.35
43.1	4.3
43.12	4.28
43.15	4.24
43.17	4.22
43.19	4.18
43.22	4.16
43.24	4.12
43.27	4.1
43.29	4.06
43.32	4.04
43.34	4.02
43.36	3.99
43.39	3.97
43.41	3.95
43.44	3.91
43.46	3.91
43.49	3.87
43.51	3.82
43.54	3.79
43.56	3.74
43.58	3.71
43.61	3.68
43.63	3.64
43.66	3.62
43.68	3.58
43.71	3.56
43.73	3.57
43.76	3.54
43.78	3.52
43.8	3.51
43.83	3.5
43.85	3.48
43.88	3.46
43.9	3.42
43.93	3.41
43.95	3.38
43.98	3.35
44	3.32
44.02	3.3
44.05	3.28
44.07	3.28
44.1	3.25
44.12	3.25
44.15	3.24
44.17	3.23
44.2	3.24
44.22	3.25
44.24	3.22
44.27	3.22
44.29	3.19
44.32	3.19
44.34	3.18
44.37	3.16
44.39	3.14
44.41	3.14
44.44	3.13
44.46	3.17
44.49	3.16
44.51	3.16
44.54	3.18
44.56	3.2
44.59	3.2
44.61	3.21
44.63	3.2
44.66	3.2
44.68	3.21
44.71	3.2
44.73	3.2
44.76	3.19
44.78	3.2
44.81	3.22
44.83	3.24
44.85	3.26
44.88	3.27
44.9	3.28
44.93	3.33
44.95	3.35
44.98	3.37
45	3.39
45.03	3.4
45.05	3.41
45.07	3.44
45.1	3.43
45.12	3.48
45.15	3.48
45.17	3.51
45.2	3.54
45.22	3.58
45.25	3.6
45.27	3.67
45.29	3.69
45.32	3.73
45.34	3.74
45.37	3.77
45.39	3.8
45.42	3.84
45.44	3.83
45.47	3.88
45.49	3.9
45.51	3.95
45.54	3.98
45.56	4.02
45.59	4.05
45.61	4.1
45.64	4.12
45.66	4.2
45.68	4.22
45.71	4.27
45.73	4.3
45.76	4.32
45.78	4.35
45.81	4.39
45.83	4.41
45.86	4.47
45.88	4.5
45.9	4.55
45.93	4.61
45.95	4.66
45.98	4.7
46	4.77
46.03	4.79
46.05	4.85
46.08	4.89
46.1	4.94
46.12	4.97
46.15	5.01
46.17	5.03
46.2	5.09
46.22	5.12
46.25	5.17
46.27	5.21
46.3	5.27
46.32	5.31
46.34	5.35
46.37	5.38
46.39	5.45
46.42	5.47
46.44	5.5
46.47	5.53
46.49	5.54
46.52	5.57
46.54	5.62
46.56	5.63
46.59	5.66
46.61	5.68
46.64	5.7
46.66	5.75
46.69	5.78
46.71	5.79
46.73	5.83
46.76	5.86
46.78	5.89
46.81	5.93
46.83	5.93
46.86	5.95
46.88	5.96
46.91	5.96
46.93	5.97
46.95	5.98
46.98	5.98
47	6
47.03	6
47.05	6.02
47.08	6.02
47.1	6.03
47.13	6.07
47.15	6.07
47.17	6.05
47.2	6.07
47.22	6.02
47.25	6.02
47.27	6
47.3	5.98
47.32	5.96
47.35	5.95
47.37	5.92
47.39	5.95
47.42	5.93
47.44	5.93
47.47	5.91
47.49	5.91
47.52	5.88
47.54	5.88
47.57	5.83
47.59	5.81
47.61	5.76
47.64	5.73
47.66	5.71
47.69	5.68
47.71	5.63
47.74	5.62
47.76	5.58
47.78	5.58
47.81	5.53
47.83	5.51
47.86	5.5
47.88	5.48
47.91	5.43
47.93	5.41
47.96	5.35
47.98	5.31
48	5.26
48.03	5.21
48.05	5.17
48.08	5.13
48.1	5.09
48.13	5.07
48.15	5.03
48.18	5.01
48.2	4.97
48.22	4.93
48.25	4.9
48.27	4.86
48.3	4.82
48.32	4.79
48.35	4.74
48.37	4.7
48.4	4.67
48.42	4.61
48.44	4.56
48.47	4.52
48.49	4.49
48.52	4.46
48.54	4.45
48.57	4.41
48.59	4.44
48.62	4.4
48.64	4.38
48.66	4.35
48.69	4.3
48.71	4.25
48.74	4.23
48.76	4.15
48.79	4.14
48.81	4.1
48.84	4.08
48.86	4.08
48.88	4.07
48.91	4.04
48.93	4.02
48.96	4
48.98	4
49.01	3.98
49.03	3.96
49.05	3.96
49.08	3.95
49.1	3.94
49.13	3.94
49.15	3.91
49.18	3.92
49.2	3.91
49.23	3.89
49.25	3.89
49.27	3.88
49.3	3.87
49.32	3.89
49.35	3.87
49.37	3.88
49.4	3.87
49.42	3.89
49.45	3.91
49.47	3.93
49.49	3.91
49.52	3.94
49.54	3.92
49.57	3.94
49.59	3.93
49.62	3.93
49.64	3.93
49.67	3.95
49.69	3.96
49.71	4.01
49.74	4.01
49.76	4.04
49.79	4.07
49.81	4.11
49.84	4.13
49.86	4.15
49.89	4.15
49.91	4.18
49.93	4.2
49.96	4.21
49.98	4.24
50.01	4.26
50.03	4.28
50.06	4.34
50.08	4.35
50.1	4.4
50.13	4.43
50.15	4.45
50.18	4.51
50.2	4.55
50.23	4.58
50.25	4.64
50.28	4.66
50.3	4.69
50.32	4.74
50.35	4.76
50.37	4.81
50.4	4.84
50.42	4.89
50.45	4.94
50.47	5
50.5	5.04
50.52	5.11
50.54	5.14
50.57	5.19
50.59	5.22
50.62	5.28
50.64	5.32
50.67	5.38
50.69	5.39
50.72	5.45
50.74	5.49
50.76	5.55
50.79	5.6
50.81	5.66
50.84	5.71
50.86	5.78
50.89	5.82
50.91	5.91
50.94	5.94
50.96	5.99
50.98	6.02
51.01	6.06
51.03	6.09
51.06	6.15
51.08	6.18
51.11	6.24
51.13	6.27
51.15	6.33
51.18	6.38
51.2	6.44
51.23	6.47
51.25	6.55
51.28	6.58
51.3	6.64
51.33	6.67
51.35	6.73
51.37	6.75
51.4	6.8
51.42	6.81
51.45	6.86
51.47	6.88
51.5	6.93
51.52	6.98
51.55	7.02
51.57	7.04
51.59	7.08
51.62	7.09
51.64	7.16
51.67	7.16
51.69	7.18
51.72	7.2
51.74	7.21
51.77	7.23
51.79	7.26
51.81	7.25
51.84	7.27
51.86	7.26
51.89	7.27
51.91	7.3
51.94	7.31
51.96	7.3
51.99	7.32
52.01	7.32
52.03	7.34
52.06	7.34
52.08	7.33
52.11	7.33
52.13	7.32
52.16	7.3
52.18	7.3
52.2	7.28
52.23	7.26
52.25	7.25
52.28	7.23
52.3	7.22
52.33	7.2
52.35	7.17
52.38	7.18
52.4	7.17
52.42	7.13
52.45	7.11
52.47	7.06
52.5	7.03
52.52	6.99
52.55	6.94
52.57	6.9
52.6	6.87
52.62	6.81
52.64	6.82
52.67	6.77
52.69	6.76
52.72	6.73
52.74	6.7
52.77	6.66
52.79	6.64
52.82	6.58
52.84	6.56
52.86	6.49
52.89	6.44
52.91	6.39
52.94	6.34
52.96	6.28
52.99	6.25
53.01	6.19
53.04	6.17
53.06	6.12
53.08	6.08
53.11	6.06
53.13	6.03
53.16	5.96
53.18	5.93
53.21	5.85
53.23	5.81
53.26	5.76
53.28	5.7
53.3	5.65
53.33	5.62
53.35	5.56
53.38	5.55
53.4	5.51
53.43	5.47
53.45	5.44
53.47	5.42
53.5	5.38
53.52	5.34
53.55	5.3
53.57	5.27
53.6	5.23
53.62	5.2
53.65	5.17
53.67	5.11
53.69	5.08
53.72	5.07
53.74	5.04
53.77	5.02
53.79	4.99
53.82	4.96
53.84	4.99
53.87	4.97
53.89	4.95
53.91	4.93
53.94	4.89
53.96	4.87
53.99	4.86
54.01	4.81
54.04	4.81
54.06	4.78
54.09	4.78
54.11	4.79
54.13	4.79
54.16	4.77
54.18	4.79
54.21	4.79
54.23	4.81
54.26	4.8
54.28	4.8
54.31	4.8
54.33	4.82
54.35	4.81
54.38	4.83
54.4	4.8
54.43	4.83
54.45	4.83
54.48	4.84
54.5	4.86
54.52	4.88
54.55	4.88
54.57	4.95
54.6	4.96
54.62	4.99
54.65	5.01
54.67	5.03
54.7	5.05
54.72	5.09
54.74	5.08
54.77	5.11
54.79	5.11
54.82	5.15
54.84	5.18
54.87	5.22
54.89	5.25
54.92	5.3
54.94	5.32
54.96	5.38
54.99	5.42
55.01	5.45
55.04	5.49
55.06	5.54
55.09	5.57
55.11	5.62
55.14	5.65
55.16	5.7
55.18	5.74
55.21	5.77
55.23	5.82
55.26	5.86
55.28	5.91
55.31	6
55.33	6.05
55.36	6.1
55.38	6.17
55.4	6.22
55.43	6.28
55.45	6.31
55.48	6.34
55.5	6.38
55.53	6.42
55.55	6.46
55.57	6.54
55.6	6.59
55.62	6.67
55.65	6.73
55.67	6.8
55.7	6.87
55.72	6.94
55.75	6.98
55.77	7.05
55.79	7.08
55.82	7.14
55.84	7.19
55.87	7.24
55.89	7.28
55.92	7.34
55.94	7.39
55.97	7.47
55.99	7.52
56.01	7.59
56.04	7.66
56.06	7.72
56.09	7.76
56.11	7.83
56.14	7.86
56.16	7.9
56.19	7.94
56.21	8
56.23	8.04
56.26	8.08
56.28	8.11
56.31	8.17
56.33	8.2
56.36	8.25
56.38	8.29
56.41	8.34
56.43	8.38
56.45	8.44
56.48	8.46
56.5	8.51
56.53	8.53
56.55	8.56
56.58	8.6
56.6	8.62
56.62	8.63
56.65	8.68
56.67	8.69
56.7	8.73
56.72	8.74
56.75	8.77
56.77	8.79
56.8	8.81
56.82	8.81
56.84	8.83
56.87	8.83
56.89	8.84
56.92	8.82
56.94	8.82
56.97	8.83
56.99	8.81
57.02	8.81
57.04	8.81
57.06	8.8
57.09	8.78
57.11	8.77
57.14	8.76
57.16	8.76
57.19	8.76
57.21	8.73
57.24	8.71
57.26	8.7
57.28	8.68
57.31	8.67
57.33	8.64
57.36	8.61
57.38	8.59
57.41	8.56
57.43	8.53
57.46	8.5
57.48	8.44
57.5	8.41
57.53	8.37
57.55	8.34
57.58	8.3
57.6	8.27
57.63	8.22
57.65	8.19
57.68	8.13
57.7	8.11
57.72	8.03
57.75	7.99
57.77	7.94
57.8	7.91
57.82	7.85
57.85	7.84
57.87	7.78
57.89	7.77
57.92	7.7
57.94	7.66
57.97	7.6
57.99	7.57
58.02	7.5
58.04	7.48
58.07	7.41
58.09	7.37
58.11	7.32
58.14	7.28
58.16	7.22
58.19	7.18
58.21	7.11
58.24	7.08
58.26	7.02
58.29	6.97
58.31	6.92
58.33	6.88
58.36	6.84
58.38	6.82
58.41	6.76
58.43	6.74
58.46	6.68
58.48	6.63
58.51	6.61
58.53	6.57
58.55	6.52
58.58	6.48
58.6	6.45
58.63	6.44
58.65	6.42
58.68	6.38
58.7	6.36
58.73	6.33
58.75	6.29
58.77	6.28
58.8	6.26
58.82	6.24
58.85	6.22
58.87	6.19
58.9	6.19
58.92	6.18
58.94	6.16
58.97	6.14
58.99	6.12
59.02	6.1
59.04	6.11
59.07	6.08
59.09	6.08
59.12	6.07
59.14	6.07
59.16	6.08
59.19	6.08
59.21	6.07
59.24	6.1
59.26	6.1
59.29	6.11
59.31	6.12
59.34	6.13
59.36	6.15
59.38	6.16
59.41	6.15
59.43	6.18
59.46	6.18
59.48	6.21
59.51	6.24
59.53	6.26
59.56	6.29
59.58	6.32
59.6	6.32
59.63	6.37
59.65	6.39
59.68	6.41
59.7	6.44
59.73	6.46
59.75	6.49
59.78	6.54
59.8	6.56
59.82	6.61
59.85	6.65
59.87	6.69
59.9	6.75
59.92	6.79
59.95	6.83
59.97	6.86
59.99	6.89
