U1	IA
0.02	0.56
0.04	0.55
0.07	0.53
0.09	0.52
0.12	0.5
0.14	0.53
0.17	0.54
0.19	0.59
0.21	0.58
0.24	0.59
0.26	0.57
0.29	0.61
0.31	0.59
0.34	0.6
0.36	0.55
0.39	0.57
0.41	0.54
0.43	0.58
0.46	0.56
0.48	0.59
0.51	0.55
0.53	0.59
0.56	0.58
0.58	0.62
0.61	0.55
0.63	0.56
0.65	0.55
0.68	0.6
0.7	0.55
0.73	0.56
0.75	0.53
0.78	0.59
0.8	0.57
0.83	0.55
0.85	0.51
0.87	0.52
0.9	0.5
0.92	0.53
0.95	0.53
0.97	0.55
1	0.56
1.02	0.57
1.05	0.6
1.07	0.63
1.09	0.6
1.12	0.6
1.14	0.59
1.17	0.58
1.19	0.59
1.22	0.59
1.24	0.58
1.26	0.58
1.29	0.59
1.31	0.58
1.34	0.55
1.36	0.54
1.39	0.57
1.41	0.57
1.44	0.57
1.46	0.57
1.48	0.58
1.51	0.61
1.53	0.6
1.56	0.55
1.58	0.55
1.61	0.54
1.63	0.54
1.66	0.53
1.68	0.54
1.7	0.54
1.73	0.58
1.75	0.54
1.78	0.57
1.8	0.54
1.83	0.57
1.85	0.55
1.88	0.55
1.9	0.52
1.92	0.55
1.95	0.52
1.97	0.57
2	0.55
2.02	0.56
2.05	0.54
2.07	0.58
2.1	0.56
2.12	0.61
2.14	0.56
2.17	0.56
2.19	0.53
2.22	0.56
2.24	0.53
2.27	0.57
2.29	0.51
2.31	0.55
2.34	0.53
2.36	0.57
2.39	0.57
2.41	0.59
2.44	0.57
2.46	0.6
2.49	0.59
2.51	0.62
2.53	0.63
2.56	0.61
2.58	0.59
2.61	0.59
2.63	0.6
2.66	0.61
2.68	0.59
2.71	0.58
2.73	0.58
2.75	0.59
2.78	0.6
2.8	0.6
2.83	0.6
2.85	0.6
2.88	0.6
2.9	0.62
2.93	0.63
2.95	0.6
2.97	0.6
3	0.59
3.02	0.57
3.05	0.58
3.07	0.56
3.1	0.53
3.12	0.57
3.15	0.56
3.17	0.57
3.19	0.58
3.22	0.56
3.24	0.57
3.27	0.58
3.29	0.56
3.32	0.56
3.34	0.53
3.36	0.54
3.39	0.55
3.41	0.57
3.44	0.56
3.46	0.57
3.49	0.56
3.51	0.6
3.54	0.6
3.56	0.61
3.58	0.58
3.61	0.6
3.63	0.57
3.66	0.62
3.68	0.58
3.71	0.6
3.73	0.56
3.76	0.59
3.78	0.56
3.8	0.58
3.83	0.53
3.85	0.57
3.88	0.55
3.9	0.6
3.93	0.58
3.95	0.61
3.98	0.61
4	0.65
4.02	0.61
4.05	0.64
4.07	0.6
4.1	0.61
4.12	0.59
4.15	0.58
4.17	0.56
4.2	0.58
4.22	0.56
4.24	0.57
4.27	0.55
4.29	0.56
4.32	0.58
4.34	0.6
4.37	0.6
4.39	0.61
4.42	0.6
4.44	0.61
4.46	0.6
4.49	0.56
4.51	0.55
4.54	0.52
4.56	0.5
4.59	0.51
4.61	0.52
4.63	0.54
4.66	0.56
4.68	0.58
4.71	0.62
4.73	0.63
4.76	0.61
4.78	0.61
4.81	0.6
4.83	0.6
4.85	0.58
4.88	0.56
4.9	0.56
4.93	0.58
4.95	0.59
4.98	0.59
5	0.6
5.03	0.58
5.05	0.62
5.07	0.61
5.1	0.63
5.12	0.59
5.15	0.6
5.17	0.56
5.2	0.6
5.22	0.57
5.25	0.61
5.27	0.53
5.29	0.57
5.32	0.56
5.34	0.64
5.37	0.59
5.39	0.62
5.42	0.57
5.44	0.65
5.47	0.64
5.49	0.64
5.51	0.58
5.54	0.59
5.56	0.55
5.59	0.61
5.61	0.55
5.64	0.56
5.66	0.53
5.68	0.55
5.71	0.55
5.73	0.57
5.76	0.51
5.78	0.54
5.81	0.53
5.83	0.55
5.86	0.56
5.88	0.58
5.9	0.56
5.93	0.58
5.95	0.55
5.98	0.57
6	0.56
6.03	0.57
6.05	0.56
6.08	0.55
6.1	0.55
6.12	0.56
6.15	0.56
6.17	0.59
6.2	0.57
6.22	0.57
6.25	0.58
6.27	0.58
6.3	0.6
6.32	0.59
6.34	0.56
6.37	0.58
6.39	0.57
6.42	0.57
6.44	0.58
6.47	0.58
6.49	0.6
6.52	0.62
6.54	0.62
6.56	0.62
6.59	0.64
6.61	0.64
6.64	0.65
6.66	0.62
6.69	0.59
6.71	0.56
6.73	0.58
6.76	0.56
6.78	0.58
6.81	0.54
6.83	0.57
6.86	0.56
6.88	0.61
6.91	0.59
6.93	0.62
6.95	0.56
6.98	0.6
7	0.54
7.03	0.59
7.05	0.54
7.08	0.56
7.1	0.49
7.13	0.53
7.15	0.51
7.17	0.57
7.2	0.5
7.22	0.53
7.25	0.52
7.27	0.58
7.3	0.55
7.32	0.55
7.35	0.52
7.37	0.55
7.39	0.56
7.42	0.57
7.44	0.55
7.47	0.57
7.49	0.54
7.52	0.57
7.54	0.57
7.57	0.57
7.59	0.56
7.61	0.53
7.64	0.55
7.66	0.56
7.69	0.57
7.71	0.57
7.74	0.55
7.76	0.55
7.78	0.55
7.81	0.54
7.83	0.55
7.86	0.53
7.88	0.53
7.91	0.55
7.93	0.54
7.96	0.55
7.98	0.57
8	0.56
8.03	0.58
8.05	0.6
8.08	0.59
8.1	0.6
8.13	0.59
8.15	0.56
8.18	0.59
8.2	0.54
8.22	0.52
8.25	0.5
8.27	0.53
8.3	0.54
8.32	0.58
8.35	0.55
8.37	0.62
8.4	0.6
8.42	0.63
8.44	0.6
8.47	0.59
8.49	0.53
8.52	0.57
8.54	0.5
8.57	0.57
8.59	0.54
8.62	0.56
8.64	0.55
8.66	0.6
8.69	0.55
8.71	0.62
8.74	0.54
8.76	0.57
8.79	0.55
8.81	0.6
8.84	0.56
8.86	0.6
8.88	0.55
8.91	0.6
8.93	0.56
8.96	0.57
8.98	0.55
9.01	0.57
9.03	0.55
9.05	0.57
9.08	0.57
9.1	0.65
9.13	0.64
9.15	0.62
9.18	0.61
9.2	0.61
9.23	0.61
9.25	0.61
9.27	0.57
9.3	0.58
9.32	0.58
9.35	0.58
9.37	0.6
9.4	0.59
9.42	0.59
9.45	0.58
9.47	0.58
9.49	0.6
9.52	0.62
9.54	0.61
9.57	0.62
9.59	0.61
9.62	0.61
9.64	0.61
9.67	0.58
9.69	0.57
9.71	0.57
9.74	0.56
9.76	0.57
9.79	0.54
9.81	0.55
9.84	0.59
9.86	0.6
9.89	0.6
9.91	0.61
9.93	0.58
9.96	0.62
9.98	0.6
10.01	0.6
10.03	0.57
10.06	0.56
10.08	0.52
10.1	0.57
10.13	0.56
10.15	0.59
10.18	0.56
10.2	0.6
10.23	0.58
10.25	0.66
10.28	0.61
10.3	0.62
10.32	0.56
10.35	0.61
10.37	0.6
10.4	0.62
10.42	0.55
10.45	0.58
10.47	0.57
10.5	0.63
10.52	0.59
10.54	0.6
10.57	0.61
10.59	0.64
10.62	0.62
10.64	0.63
10.67	0.61
10.69	0.63
10.72	0.62
10.74	0.62
10.76	0.62
10.79	0.63
10.81	0.61
10.84	0.6
10.86	0.59
10.89	0.58
10.91	0.57
10.94	0.56
10.96	0.57
10.98	0.57
11.01	0.56
11.03	0.57
11.06	0.57
11.08	0.57
11.11	0.58
11.13	0.56
11.15	0.55
11.18	0.58
11.2	0.58
11.23	0.58
11.25	0.59
11.28	0.61
11.3	0.64
11.33	0.65
11.35	0.63
11.37	0.63
11.4	0.64
11.42	0.64
11.45	0.6
11.47	0.59
11.5	0.62
11.52	0.63
11.55	0.66
11.57	0.64
11.59	0.65
11.62	0.64
11.64	0.69
11.67	0.68
11.69	0.7
11.72	0.65
11.74	0.68
11.77	0.63
11.79	0.68
11.81	0.64
11.84	0.66
11.86	0.59
11.89	0.64
11.91	0.61
11.94	0.66
11.96	0.62
11.99	0.63
12.01	0.59
12.03	0.67
12.06	0.64
12.08	0.66
12.11	0.61
12.13	0.63
12.16	0.6
12.18	0.64
12.21	0.6
12.23	0.63
12.25	0.59
12.28	0.61
12.3	0.62
12.33	0.68
12.35	0.65
12.38	0.66
12.4	0.64
12.42	0.68
12.45	0.68
12.47	0.69
12.5	0.67
12.52	0.67
12.55	0.65
12.57	0.68
12.6	0.67
12.62	0.67
12.64	0.66
12.67	0.65
12.69	0.66
12.72	0.68
12.74	0.66
12.77	0.67
12.79	0.67
12.82	0.65
12.84	0.66
12.86	0.65
12.89	0.65
12.91	0.66
12.94	0.67
12.96	0.67
12.99	0.67
13.01	0.66
13.04	0.7
13.06	0.7
13.08	0.71
13.11	0.7
13.13	0.7
13.16	0.71
13.18	0.74
13.21	0.71
13.23	0.72
13.26	0.68
13.28	0.71
13.3	0.7
13.33	0.72
13.35	0.69
13.38	0.71
13.4	0.67
13.43	0.71
13.45	0.67
13.47	0.71
13.5	0.68
13.52	0.71
13.55	0.66
13.57	0.71
13.6	0.68
13.62	0.71
13.65	0.66
13.67	0.68
13.69	0.67
13.72	0.71
13.74	0.68
13.77	0.74
13.79	0.7
13.82	0.73
13.84	0.72
13.87	0.74
13.89	0.72
13.91	0.73
13.94	0.68
13.96	0.72
13.99	0.72
14.01	0.74
14.04	0.74
14.06	0.74
14.09	0.72
14.11	0.73
14.13	0.72
14.16	0.75
14.18	0.75
14.21	0.73
14.23	0.74
14.26	0.74
14.28	0.75
14.31	0.76
14.33	0.74
14.35	0.74
14.38	0.75
14.4	0.74
14.43	0.77
14.45	0.76
14.48	0.76
14.5	0.81
14.52	0.81
14.55	0.81
14.57	0.84
14.6	0.82
14.62	0.84
14.65	0.84
14.67	0.81
14.7	0.79
14.72	0.8
14.74	0.8
14.77	0.84
14.79	0.81
14.82	0.81
14.84	0.79
14.87	0.82
14.89	0.83
14.92	0.83
14.94	0.77
14.96	0.79
14.99	0.75
15.01	0.8
15.04	0.78
15.06	0.8
15.09	0.75
15.11	0.8
15.14	0.77
15.16	0.84
15.18	0.78
15.21	0.79
15.23	0.77
15.26	0.84
15.28	0.83
15.31	0.87
15.33	0.82
15.36	0.86
15.38	0.84
15.4	0.86
15.43	0.82
15.45	0.83
15.48	0.8
15.5	0.84
15.53	0.84
15.55	0.86
15.57	0.86
15.6	0.84
15.62	0.84
15.65	0.84
15.67	0.83
15.7	0.84
15.72	0.8
15.75	0.8
15.77	0.81
15.79	0.8
15.82	0.83
15.84	0.83
15.87	0.83
15.89	0.86
15.92	0.87
15.94	0.88
15.97	0.92
15.99	0.91
16.01	0.91
16.04	0.91
16.06	0.9
16.09	0.91
16.11	0.9
16.14	0.86
16.16	0.87
16.19	0.85
16.21	0.85
16.23	0.88
16.26	0.86
16.28	0.85
16.31	0.86
16.33	0.83
16.36	0.85
16.38	0.84
16.41	0.82
16.43	0.82
16.45	0.84
16.48	0.82
16.5	0.84
16.53	0.81
16.55	0.84
16.58	0.83
16.6	0.87
16.63	0.83
16.65	0.86
16.67	0.83
16.7	0.9
16.72	0.87
16.75	0.9
16.77	0.84
16.8	0.89
16.82	0.86
16.84	0.9
16.87	0.83
16.89	0.86
16.92	0.81
16.94	0.85
16.97	0.84
16.99	0.87
17.02	0.84
17.04	0.88
17.06	0.85
17.09	0.9
17.11	0.88
17.14	0.88
17.16	0.87
17.19	0.88
17.21	0.88
17.24	0.91
17.26	0.87
17.28	0.89
17.31	0.87
17.33	0.88
17.36	0.91
17.38	0.91
17.41	0.92
17.43	0.96
17.46	0.97
17.48	0.99
17.5	1.01
17.53	1
17.55	1
17.58	0.98
17.6	0.93
17.63	0.94
17.65	0.93
17.68	0.94
17.7	0.95
17.72	0.93
17.75	0.95
17.77	0.96
17.8	0.93
17.82	0.95
17.85	0.94
17.87	0.93
17.89	0.93
17.92	0.88
17.94	0.89
17.97	0.9
17.99	0.9
18.02	0.88
18.04	0.88
18.07	0.86
18.09	0.93
18.11	0.92
18.14	0.94
18.16	0.92
18.19	0.95
18.21	0.92
18.24	0.96
18.26	0.93
18.29	0.98
18.31	0.92
18.33	0.95
18.36	0.92
18.38	0.98
18.41	0.94
18.43	0.99
18.46	0.93
18.48	1
18.51	0.96
18.53	1.02
18.55	0.99
18.58	1.02
18.6	0.98
18.63	1.03
18.65	0.99
18.68	1.04
18.7	0.98
18.73	1.01
18.75	1
18.77	1.03
18.8	1.01
18.82	1.04
18.85	1.01
18.87	1.04
18.9	1.05
18.92	1.06
18.94	1.04
18.97	1.02
18.99	1.01
19.02	1.03
19.04	1.02
19.07	0.99
19.09	0.98
19.12	0.99
19.14	1
19.16	1.02
19.19	1.02
19.21	1.02
19.24	1.03
19.26	1.03
19.29	1.04
19.31	1.04
19.34	1.02
19.36	1.03
19.38	1.03
19.41	1.04
19.43	1.06
19.46	1.04
19.48	1.05
19.51	1.06
19.53	1.06
19.56	1.06
19.58	1.05
19.6	1.04
19.63	1.08
19.65	1.09
19.68	1.11
19.7	1.09
19.73	1.11
19.75	1.09
19.78	1.11
19.8	1.09
19.82	1.11
19.85	1.05
19.87	1.08
19.9	1.04
19.92	1.09
19.95	1.08
19.97	1.1
19.99	1.04
20.02	1.12
20.04	1.09
20.07	1.14
20.09	1.08
20.12	1.06
20.14	1.03
20.17	1.1
20.19	1.04
20.21	1.08
20.24	1.03
20.26	1.07
20.29	1.08
20.31	1.11
20.34	1.08
20.36	1.12
20.39	1.1
20.41	1.13
20.43	1.13
20.46	1.14
20.48	1.13
20.51	1.12
20.53	1.08
20.56	1.1
20.58	1.08
20.61	1.08
20.63	1.08
20.65	1.06
20.68	1.07
20.7	1.08
20.73	1.08
20.75	1.11
20.78	1.1
20.8	1.09
20.83	1.1
20.85	1.07
20.87	1.08
20.9	1.08
20.92	1.06
20.95	1.07
20.97	1.08
21	1.08
21.02	1.1
21.05	1.07
21.07	1.09
21.09	1.1
21.12	1.09
21.14	1.08
21.17	1.11
21.19	1.13
21.22	1.15
21.24	1.12
21.26	1.12
21.29	1.1
21.31	1.12
21.34	1.11
21.36	1.12
21.39	1.08
21.41	1.12
21.44	1.11
21.46	1.14
21.48	1.16
21.51	1.18
21.53	1.13
21.56	1.16
21.58	1.1
21.61	1.14
21.63	1.11
21.66	1.1
21.68	1.07
21.7	1.11
21.73	1.08
21.75	1.16
21.78	1.12
21.8	1.15
21.83	1.13
21.85	1.16
21.88	1.14
21.9	1.18
21.92	1.14
21.95	1.18
21.97	1.15
22	1.18
22.02	1.18
22.05	1.17
22.07	1.15
22.1	1.17
22.12	1.16
22.14	1.19
22.17	1.17
22.19	1.14
22.22	1.18
22.24	1.19
22.27	1.18
22.29	1.17
22.31	1.15
22.34	1.17
22.36	1.18
22.39	1.18
22.41	1.19
22.44	1.18
22.46	1.19
22.49	1.21
22.51	1.2
22.53	1.21
22.56	1.23
22.58	1.25
22.61	1.27
22.63	1.28
22.66	1.3
22.68	1.3
22.71	1.31
22.73	1.29
22.75	1.3
22.78	1.28
22.8	1.28
22.83	1.26
22.85	1.27
22.88	1.27
22.9	1.29
22.93	1.25
22.95	1.3
22.97	1.26
23	1.3
23.02	1.3
23.05	1.33
23.07	1.29
23.1	1.32
23.12	1.28
23.15	1.35
23.17	1.31
23.19	1.33
23.22	1.29
23.24	1.33
23.27	1.31
23.29	1.36
23.32	1.3
23.34	1.37
23.36	1.34
23.39	1.39
23.41	1.38
23.44	1.4
23.46	1.36
23.49	1.41
23.51	1.35
23.54	1.38
23.56	1.35
23.58	1.36
23.61	1.35
23.63	1.38
23.66	1.35
23.68	1.4
23.71	1.38
23.73	1.38
23.76	1.38
23.78	1.39
23.8	1.4
23.83	1.41
23.85	1.4
23.88	1.41
23.9	1.39
23.93	1.38
23.95	1.41
23.98	1.4
24	1.41
24.02	1.4
24.05	1.41
24.07	1.43
24.1	1.45
24.12	1.44
24.15	1.46
24.17	1.46
24.2	1.46
24.22	1.47
24.24	1.45
24.27	1.45
24.29	1.45
24.32	1.43
24.34	1.44
24.37	1.44
24.39	1.43
24.42	1.45
24.44	1.45
24.46	1.44
24.49	1.44
24.51	1.41
24.54	1.42
24.56	1.42
24.59	1.44
24.61	1.42
24.63	1.42
24.66	1.41
24.68	1.46
24.71	1.43
24.73	1.46
24.76	1.41
24.78	1.42
24.81	1.41
24.83	1.45
24.85	1.41
24.88	1.44
24.9	1.38
24.93	1.42
24.95	1.44
24.98	1.45
25	1.39
25.03	1.42
25.05	1.38
25.07	1.44
25.1	1.41
25.12	1.4
25.15	1.37
25.17	1.39
25.2	1.36
25.22	1.39
25.25	1.36
25.27	1.36
25.29	1.35
25.32	1.38
25.34	1.41
25.37	1.41
25.39	1.4
25.42	1.41
25.44	1.4
25.47	1.4
25.49	1.4
25.51	1.39
25.54	1.41
25.56	1.39
25.59	1.39
25.61	1.4
25.64	1.41
25.66	1.41
25.68	1.42
25.71	1.41
25.73	1.41
25.76	1.43
25.78	1.43
25.81	1.43
25.83	1.42
25.86	1.4
25.88	1.41
25.9	1.39
25.93	1.38
25.95	1.37
25.98	1.37
26	1.37
26.03	1.37
26.05	1.36
26.08	1.4
26.1	1.38
26.12	1.4
26.15	1.39
26.17	1.4
26.2	1.38
26.22	1.41
26.25	1.38
26.27	1.44
26.3	1.42
26.32	1.43
26.34	1.41
26.37	1.47
26.39	1.45
26.42	1.49
26.44	1.43
26.47	1.47
26.49	1.46
26.52	1.51
26.54	1.46
26.56	1.48
26.59	1.44
26.61	1.49
26.64	1.45
26.66	1.48
26.69	1.43
26.71	1.46
26.73	1.45
26.76	1.48
26.78	1.45
26.81	1.5
26.83	1.46
26.86	1.5
26.88	1.51
26.91	1.53
26.93	1.52
26.95	1.54
26.98	1.53
27	1.57
27.03	1.57
27.05	1.59
27.08	1.6
27.1	1.61
27.13	1.61
27.15	1.65
27.17	1.66
27.2	1.67
27.22	1.67
27.25	1.65
27.27	1.67
27.3	1.68
27.32	1.64
27.35	1.65
27.37	1.64
27.39	1.61
27.42	1.66
27.44	1.67
27.47	1.68
27.49	1.7
27.52	1.7
27.54	1.73
27.57	1.75
27.59	1.73
27.61	1.74
27.64	1.73
27.66	1.76
27.69	1.78
27.71	1.77
27.74	1.77
27.76	1.79
27.78	1.79
27.81	1.83
27.83	1.79
27.86	1.8
27.88	1.79
27.91	1.83
27.93	1.84
27.96	1.87
27.98	1.83
28	1.88
28.03	1.83
28.05	1.88
28.08	1.87
28.1	1.87
28.13	1.83
28.15	1.88
28.18	1.85
28.2	1.91
28.22	1.85
28.25	1.87
28.27	1.88
28.3	1.94
28.32	1.91
28.35	1.97
28.37	1.93
28.4	1.98
28.42	1.96
28.44	1.99
28.47	1.97
28.49	1.98
28.52	1.92
28.54	1.94
28.57	1.93
28.59	1.96
28.62	1.97
28.64	1.96
28.66	1.94
28.69	1.96
28.71	1.97
28.74	2
28.76	1.96
28.79	1.93
28.81	1.94
28.84	1.93
28.86	1.93
28.88	1.91
28.91	1.91
28.93	1.92
28.96	1.92
28.98	1.91
29.01	1.95
29.03	1.95
29.05	1.95
29.08	1.95
29.1	1.95
29.13	1.95
29.15	1.96
29.18	1.94
29.2	1.94
29.23	1.95
29.25	1.94
29.27	1.93
29.3	1.94
29.32	1.94
29.35	1.96
29.37	1.94
29.4	1.94
29.42	1.91
29.45	1.93
29.47	1.93
29.49	1.93
29.52	1.87
29.54	1.88
29.57	1.83
29.59	1.87
29.62	1.83
29.64	1.82
29.67	1.79
29.69	1.82
29.71	1.78
29.74	1.85
29.76	1.81
29.79	1.84
29.81	1.82
29.84	1.87
29.86	1.86
29.89	1.89
29.91	1.84
29.93	1.86
29.96	1.84
29.98	1.87
30.01	1.83
30.03	1.83
30.06	1.8
30.08	1.84
30.1	1.81
30.13	1.83
30.15	1.8
30.18	1.82
30.2	1.81
30.23	1.81
30.25	1.78
30.28	1.81
30.3	1.76
30.32	1.76
30.35	1.75
30.37	1.76
30.4	1.77
30.42	1.78
30.45	1.76
30.47	1.78
30.5	1.78
30.52	1.78
30.54	1.81
30.57	1.81
30.59	1.81
30.62	1.82
30.64	1.82
30.67	1.84
30.69	1.85
30.72	1.81
30.74	1.8
30.76	1.8
30.79	1.8
30.81	1.81
30.84	1.78
30.86	1.78
30.89	1.8
30.91	1.79
30.94	1.81
30.96	1.8
30.98	1.79
31.01	1.82
31.03	1.81
31.06	1.78
31.08	1.79
31.11	1.75
31.13	1.78
31.15	1.77
31.18	1.79
31.2	1.78
31.23	1.81
31.25	1.81
31.28	1.9
31.3	1.87
31.33	1.9
31.35	1.86
31.37	1.91
31.4	1.9
31.42	1.95
31.45	1.87
31.47	1.93
31.5	1.88
31.52	1.94
31.55	1.93
31.57	1.97
31.59	1.92
31.62	1.99
31.64	1.96
31.67	2.04
31.69	2.01
31.72	2.04
31.74	2.02
31.77	2.04
31.79	2.03
31.81	2.08
31.84	2.07
31.86	2.08
31.89	2.08
31.91	2.11
31.94	2.17
31.96	2.18
31.99	2.18
32.01	2.22
32.03	2.24
32.06	2.26
32.08	2.27
32.11	2.26
32.13	2.29
32.16	2.28
32.18	2.26
32.2	2.28
32.23	2.29
32.25	2.31
32.28	2.35
32.3	2.35
32.33	2.37
32.35	2.4
32.38	2.38
32.4	2.41
32.42	2.42
32.45	2.41
32.47	2.42
32.5	2.41
32.52	2.41
32.55	2.42
32.57	2.41
32.6	2.41
32.62	2.42
32.64	2.41
32.67	2.46
32.69	2.46
32.72	2.51
32.74	2.52
32.77	2.54
32.79	2.51
32.82	2.56
32.84	2.55
32.86	2.6
32.89	2.55
32.91	2.56
32.94	2.54
32.96	2.59
32.99	2.57
33.01	2.59
33.04	2.54
33.06	2.6
33.08	2.57
33.11	2.63
33.13	2.62
33.16	2.63
33.18	2.6
33.21	2.66
33.23	2.6
33.26	2.64
33.28	2.59
33.3	2.6
33.33	2.59
33.35	2.62
33.38	2.58
33.4	2.63
33.43	2.59
33.45	2.62
33.47	2.62
33.5	2.65
33.52	2.64
33.55	2.63
33.57	2.61
33.6	2.61
33.62	2.61
33.65	2.6
33.67	2.55
33.69	2.51
33.72	2.51
33.74	2.5
33.77	2.49
33.79	2.48
33.82	2.45
33.84	2.44
33.87	2.48
33.89	2.47
33.91	2.46
33.94	2.45
33.96	2.42
33.99	2.43
34.01	2.43
34.04	2.4
34.06	2.4
34.09	2.4
34.11	2.39
34.13	2.42
34.16	2.41
34.18	2.41
34.21	2.4
34.23	2.39
34.26	2.39
34.28	2.38
34.31	2.37
34.33	2.33
34.35	2.33
34.38	2.33
34.4	2.35
34.43	2.3
34.45	2.3
34.48	2.26
34.5	2.29
34.52	2.28
34.55	2.28
34.57	2.21
34.6	2.27
34.62	2.22
34.65	2.26
34.67	2.23
34.7	2.22
34.72	2.18
34.74	2.24
34.77	2.17
34.79	2.21
34.82	2.13
34.84	2.13
34.87	2.13
34.89	2.18
34.92	2.15
34.94	2.19
34.96	2.14
34.99	2.2
35.01	2.17
35.04	2.19
35.06	2.15
35.09	2.14
35.11	2.1
35.14	2.13
35.16	2.09
35.18	2.11
35.21	2.09
35.23	2.08
35.26	2.06
35.28	2.07
35.31	2.08
35.33	2.12
35.36	2.1
35.38	2.11
35.4	2.13
35.43	2.13
35.45	2.14
35.48	2.12
35.5	2.11
35.53	2.13
35.55	2.12
35.57	2.11
35.6	2.16
35.62	2.17
35.65	2.2
35.67	2.22
35.7	2.22
35.72	2.24
35.75	2.24
35.77	2.22
35.79	2.24
35.82	2.25
35.84	2.26
35.87	2.27
35.89	2.27
35.92	2.31
35.94	2.33
35.97	2.31
35.99	2.32
36.01	2.31
36.04	2.33
36.06	2.37
36.09	2.4
36.11	2.4
36.14	2.41
36.16	2.41
36.19	2.46
36.21	2.46
36.23	2.49
36.26	2.44
36.28	2.46
36.31	2.46
36.33	2.54
36.36	2.52
36.38	2.56
36.41	2.52
36.43	2.59
36.45	2.62
36.48	2.67
36.5	2.62
36.53	2.67
36.55	2.66
36.58	2.72
36.6	2.71
36.62	2.71
36.65	2.68
36.67	2.75
36.7	2.74
36.72	2.78
36.75	2.78
36.77	2.82
36.8	2.87
36.82	2.92
36.84	2.93
36.87	2.98
36.89	3
36.92	3.01
36.94	3.02
36.97	3.04
36.99	3.06
37.02	3.07
37.04	3.07
37.06	3.09
37.09	3.11
37.11	3.14
37.14	3.17
37.16	3.18
37.19	3.21
37.21	3.23
37.24	3.25
37.26	3.27
37.28	3.28
37.31	3.28
37.33	3.31
37.36	3.3
37.38	3.31
37.41	3.33
37.43	3.31
37.46	3.32
37.48	3.34
37.5	3.34
37.53	3.37
37.55	3.37
37.58	3.38
37.6	3.4
37.63	3.42
37.65	3.41
37.68	3.4
37.7	3.38
37.72	3.41
37.75	3.38
37.77	3.4
37.8	3.37
37.82	3.4
37.85	3.39
37.87	3.42
37.89	3.39
37.92	3.44
37.94	3.38
37.97	3.4
37.99	3.37
38.02	3.4
38.04	3.37
38.07	3.4
38.09	3.34
38.11	3.39
38.14	3.36
38.16	3.39
38.19	3.34
38.21	3.34
38.24	3.3
38.26	3.35
38.29	3.29
38.31	3.3
38.33	3.24
38.36	3.27
38.38	3.25
38.41	3.26
38.43	3.23
38.46	3.25
38.48	3.21
38.51	3.22
38.53	3.22
38.55	3.22
38.58	3.21
38.6	3.19
38.63	3.16
38.65	3.18
38.68	3.15
38.7	3.12
38.73	3.1
38.75	3.06
38.77	3.05
38.8	3.05
38.82	3.03
38.85	3.01
38.87	3
38.9	2.95
38.92	2.94
38.94	2.93
38.97	2.91
38.99	2.89
39.02	2.88
39.04	2.84
39.07	2.86
39.09	2.84
39.12	2.82
39.14	2.81
39.16	2.79
39.19	2.78
39.21	2.78
39.24	2.73
39.26	2.75
39.29	2.73
39.31	2.72
39.34	2.7
39.36	2.68
39.38	2.64
39.41	2.68
39.43	2.64
39.46	2.65
39.48	2.62
39.51	2.62
39.53	2.6
39.56	2.65
39.58	2.62
39.6	2.64
39.63	2.58
39.65	2.6
39.68	2.56
39.7	2.59
39.73	2.53
39.75	2.53
39.78	2.48
39.8	2.54
39.82	2.52
39.85	2.58
39.87	2.53
39.9	2.54
39.92	2.53
39.95	2.56
39.97	2.52
39.99	2.57
40.02	2.52
40.04	2.56
40.07	2.56
40.09	2.57
40.12	2.57
40.14	2.58
40.17	2.53
40.19	2.55
40.21	2.54
40.24	2.56
40.26	2.57
40.29	2.58
40.31	2.57
40.34	2.62
40.36	2.63
40.39	2.66
40.41	2.66
40.43	2.65
40.46	2.65
40.48	2.66
40.51	2.66
40.53	2.67
40.56	2.67
40.58	2.69
40.61	2.71
40.63	2.72
40.65	2.76
40.68	2.78
40.7	2.8
40.73	2.84
40.75	2.88
40.78	2.9
40.8	2.93
40.83	2.94
40.85	2.96
40.87	2.99
40.9	2.99
40.92	3.01
40.95	3.04
40.97	3.07
41	3.14
41.02	3.16
41.05	3.19
41.07	3.19
41.09	3.25
41.12	3.28
41.14	3.33
41.17	3.29
41.19	3.33
41.22	3.32
41.24	3.39
41.26	3.38
41.29	3.42
41.31	3.4
41.34	3.47
41.36	3.46
41.39	3.57
41.41	3.54
41.44	3.62
41.46	3.64
41.48	3.72
41.51	3.73
41.53	3.8
41.56	3.76
41.58	3.83
41.61	3.83
41.63	3.89
41.66	3.89
41.68	3.93
41.7	3.91
41.73	4.01
41.75	4.02
41.78	4.07
41.8	4.07
41.83	4.09
41.85	4.1
41.88	4.13
41.9	4.12
41.92	4.16
41.95	4.16
41.97	4.17
42	4.2
42.02	4.23
42.05	4.26
42.07	4.27
42.1	4.27
42.12	4.29
42.14	4.3
42.17	4.31
42.19	4.35
42.22	4.38
42.24	4.39
42.27	4.39
42.29	4.42
42.31	4.42
42.34	4.44
42.36	4.42
42.39	4.42
42.41	4.43
42.44	4.45
42.46	4.47
42.49	4.48
42.51	4.47
42.53	4.48
42.56	4.46
42.58	4.46
42.61	4.43
42.63	4.39
42.66	4.39
42.68	4.39
42.71	4.34
42.73	4.35
42.75	4.31
42.78	4.34
42.8	4.32
42.83	4.32
42.85	4.29
42.88	4.31
42.9	4.27
42.93	4.33
42.95	4.26
42.97	4.28
43	4.2
43.02	4.21
43.05	4.18
43.07	4.2
43.1	4.1
43.12	4.13
43.15	4.06
43.17	4.09
43.19	4.06
43.22	4.04
43.24	3.97
43.27	4.01
43.29	3.97
43.32	4
43.34	3.94
43.36	3.93
43.39	3.88
43.41	3.87
43.44	3.8
43.46	3.78
43.49	3.73
43.51	3.72
43.54	3.67
43.56	3.67
43.58	3.68
43.61	3.68
43.63	3.66
43.66	3.63
43.68	3.6
43.71	3.6
43.73	3.62
43.76	3.58
43.78	3.55
43.8	3.52
43.83	3.48
43.85	3.46
43.88	3.43
43.9	3.36
43.93	3.37
43.95	3.33
43.98	3.31
44	3.3
44.02	3.27
44.05	3.27
44.07	3.26
44.1	3.21
44.12	3.21
44.15	3.19
44.17	3.17
44.2	3.15
44.22	3.12
44.24	3.11
44.27	3.1
44.29	3.07
44.32	3.09
44.34	3.06
44.37	3.08
44.39	3.09
44.41	3.07
44.44	3.03
44.46	3.07
44.49	3.05
44.51	3.07
44.54	3.03
44.56	3.02
44.59	3
44.61	3.03
44.63	2.99
44.66	3.01
44.68	2.97
44.71	3.01
44.73	2.98
44.76	3.04
44.78	3.03
44.81	3.04
44.83	3.01
44.85	3.07
44.88	3.03
44.9	3.08
44.93	3.03
44.95	3.05
44.98	3.06
45	3.1
45.03	3.08
45.05	3.12
45.07	3.09
45.1	3.13
45.12	3.15
45.15	3.17
45.17	3.17
45.2	3.2
45.22	3.2
45.25	3.25
45.27	3.28
45.29	3.29
45.32	3.28
45.34	3.29
45.37	3.3
45.39	3.35
45.42	3.38
45.44	3.39
45.47	3.41
45.49	3.46
45.51	3.51
45.54	3.54
45.56	3.57
45.59	3.61
45.61	3.62
45.64	3.66
45.66	3.69
45.68	3.71
45.71	3.74
45.73	3.78
45.76	3.79
45.78	3.87
45.81	3.9
45.83	3.92
45.86	4
45.88	4.03
45.9	4.07
45.93	4.12
45.95	4.15
45.98	4.18
46	4.22
46.03	4.25
46.05	4.32
46.08	4.33
46.1	4.36
46.12	4.39
46.15	4.47
46.17	4.51
46.2	4.56
46.22	4.57
46.25	4.65
46.27	4.66
46.3	4.73
46.32	4.71
46.34	4.77
46.37	4.74
46.39	4.81
46.42	4.81
46.44	4.89
46.47	4.87
46.49	4.95
46.52	4.96
46.54	5.07
46.56	5.09
46.59	5.16
46.61	5.15
46.64	5.23
46.66	5.23
46.69	5.28
46.71	5.27
46.73	5.31
46.76	5.28
46.78	5.33
46.81	5.33
46.83	5.36
46.86	5.35
46.88	5.37
46.91	5.37
46.93	5.41
46.95	5.45
46.98	5.51
47	5.53
47.03	5.55
47.05	5.55
47.08	5.57
47.1	5.56
47.13	5.56
47.15	5.55
47.17	5.55
47.2	5.56
47.22	5.57
47.25	5.59
47.27	5.61
47.3	5.61
47.32	5.63
47.35	5.61
47.37	5.62
47.39	5.61
47.42	5.59
47.44	5.59
47.47	5.58
47.49	5.54
47.52	5.53
47.54	5.48
47.57	5.46
47.59	5.43
47.61	5.4
47.64	5.36
47.66	5.32
47.69	5.3
47.71	5.31
47.74	5.31
47.76	5.27
47.78	5.26
47.81	5.2
47.83	5.2
47.86	5.17
47.88	5.15
47.91	5.08
47.93	5.07
47.96	5
47.98	5.04
48	4.99
48.03	4.97
48.05	4.9
48.08	4.91
48.1	4.84
48.13	4.87
48.15	4.78
48.18	4.74
48.2	4.68
48.22	4.68
48.25	4.63
48.27	4.62
48.3	4.52
48.32	4.51
48.35	4.47
48.37	4.47
48.4	4.4
48.42	4.36
48.44	4.34
48.47	4.34
48.49	4.3
48.52	4.3
48.54	4.22
48.57	4.2
48.59	4.17
48.62	4.12
48.64	4.08
48.66	4.06
48.69	4.01
48.71	4
48.74	3.97
48.76	3.95
48.79	3.94
48.81	3.92
48.84	3.88
48.86	3.88
48.88	3.85
48.91	3.84
48.93	3.81
48.96	3.77
48.98	3.75
49.01	3.72
49.03	3.69
49.05	3.67
49.08	3.63
49.1	3.66
49.13	3.63
49.15	3.62
49.18	3.64
49.2	3.64
49.23	3.63
49.25	3.64
49.27	3.61
49.3	3.63
49.32	3.62
49.35	3.58
49.37	3.58
49.4	3.57
49.42	3.56
49.45	3.56
49.47	3.55
49.49	3.54
49.52	3.54
49.54	3.55
49.57	3.56
49.59	3.56
49.62	3.56
49.64	3.6
49.67	3.61
49.69	3.62
49.71	3.66
49.74	3.65
49.76	3.7
49.79	3.69
49.81	3.7
49.84	3.71
49.86	3.75
49.89	3.73
49.91	3.81
49.93	3.79
49.96	3.84
49.98	3.83
50.01	3.9
50.03	3.93
50.06	3.99
50.08	3.94
50.1	4.03
50.13	4
50.15	4.09
50.18	4.07
50.2	4.11
50.23	4.1
50.25	4.18
50.28	4.18
50.3	4.27
50.32	4.24
50.35	4.29
50.37	4.32
50.4	4.4
50.42	4.42
50.45	4.49
50.47	4.51
50.5	4.6
50.52	4.66
50.54	4.71
50.57	4.75
50.59	4.8
50.62	4.84
50.64	4.93
50.67	4.97
50.69	5.03
50.72	5.08
50.74	5.11
50.76	5.19
50.79	5.25
50.81	5.28
50.84	5.33
50.86	5.37
50.89	5.41
50.91	5.46
50.94	5.48
50.96	5.53
50.98	5.56
51.01	5.6
51.03	5.65
51.06	5.7
51.08	5.76
51.11	5.85
51.13	5.9
51.15	5.95
51.18	6.01
51.2	6.07
51.23	6.12
51.25	6.16
51.28	6.19
51.3	6.25
51.33	6.3
51.35	6.32
51.37	6.37
51.4	6.43
51.42	6.5
51.45	6.55
51.47	6.55
51.5	6.61
51.52	6.63
51.55	6.67
51.57	6.71
51.59	6.72
51.62	6.72
51.64	6.78
51.67	6.75
51.69	6.84
51.72	6.83
51.74	6.85
51.77	6.84
51.79	6.89
51.81	6.86
51.84	6.96
51.86	6.91
51.89	6.93
51.91	6.9
51.94	6.96
51.96	6.94
51.99	6.99
52.01	6.91
52.03	6.94
52.06	6.9
52.08	6.94
52.11	6.92
52.13	6.91
52.16	6.87
52.18	6.89
52.2	6.86
52.23	6.9
52.25	6.84
52.28	6.82
52.3	6.79
52.33	6.75
52.35	6.73
52.38	6.72
52.4	6.65
52.42	6.63
52.45	6.58
52.47	6.54
52.5	6.54
52.52	6.49
52.55	6.45
52.57	6.44
52.6	6.42
52.62	6.39
52.64	6.38
52.67	6.34
52.69	6.3
52.72	6.26
52.74	6.22
52.77	6.19
52.79	6.14
52.82	6.09
52.84	6.05
52.86	6
52.89	5.95
52.91	5.9
52.94	5.81
52.96	5.79
52.99	5.74
53.01	5.68
53.04	5.64
53.06	5.56
53.08	5.51
53.11	5.49
53.13	5.45
53.16	5.39
53.18	5.33
53.21	5.27
53.23	5.28
53.26	5.22
53.28	5.2
53.3	5.13
53.33	5.1
53.35	5.06
53.38	5.05
53.4	4.97
53.43	4.98
53.45	4.89
53.47	4.86
53.5	4.81
53.52	4.8
53.55	4.71
53.57	4.71
53.6	4.62
53.62	4.64
53.65	4.6
53.67	4.57
53.69	4.52
53.72	4.52
53.74	4.47
53.77	4.49
53.79	4.41
53.82	4.41
53.84	4.36
53.87	4.37
53.89	4.33
53.91	4.32
53.94	4.27
53.96	4.3
53.99	4.25
54.01	4.27
54.04	4.29
54.06	4.29
54.09	4.28
54.11	4.29
54.13	4.25
54.16	4.28
54.18	4.26
54.21	4.23
54.23	4.24
54.26	4.25
54.28	4.25
54.31	4.28
54.33	4.28
54.35	4.3
54.38	4.31
54.4	4.29
54.43	4.32
54.45	4.33
54.48	4.32
54.5	4.35
54.52	4.34
54.55	4.35
54.57	4.39
54.6	4.4
54.62	4.41
54.65	4.43
54.67	4.44
54.7	4.5
54.72	4.52
54.74	4.52
54.77	4.56
54.79	4.59
54.82	4.64
54.84	4.67
54.87	4.7
54.89	4.73
54.92	4.82
54.94	4.84
54.96	4.94
54.99	4.93
55.01	5
55.04	5.02
55.06	5.12
55.09	5.14
55.11	5.23
55.14	5.21
55.16	5.32
55.18	5.32
55.21	5.42
55.23	5.42
55.26	5.46
55.28	5.48
55.31	5.6
55.33	5.61
55.36	5.72
55.38	5.71
55.4	5.79
55.43	5.87
55.45	5.95
55.48	5.97
55.5	6.07
55.53	6.09
55.55	6.21
55.57	6.25
55.6	6.33
55.62	6.38
55.65	6.46
55.67	6.51
55.7	6.61
55.72	6.66
55.75	6.77
55.77	6.81
55.79	6.86
55.82	6.91
55.84	6.99
55.87	7.03
55.89	7.11
55.92	7.16
55.94	7.22
55.97	7.3
55.99	7.36
56.01	7.43
56.04	7.49
56.06	7.53
56.09	7.59
56.11	7.63
56.14	7.68
56.16	7.74
56.19	7.78
56.21	7.84
56.23	7.89
56.26	7.93
56.28	7.99
56.31	8.03
56.33	8.05
56.36	8.09
56.38	8.14
56.41	8.16
56.43	8.21
56.45	8.24
56.48	8.28
56.5	8.34
56.53	8.35
56.55	8.39
56.58	8.4
56.6	8.42
56.62	8.48
56.65	8.5
56.67	8.47
56.7	8.51
56.72	8.47
56.75	8.52
56.77	8.52
56.8	8.51
56.82	8.47
56.84	8.5
56.87	8.46
56.89	8.52
56.92	8.47
56.94	8.47
56.97	8.43
56.99	8.47
57.02	8.43
57.04	8.45
57.06	8.37
57.09	8.37
57.11	8.32
57.14	8.34
57.16	8.28
57.19	8.25
57.21	8.18
57.24	8.18
57.26	8.13
57.28	8.11
57.31	8.02
57.33	7.98
57.36	7.94
57.38	7.89
57.41	7.82
57.43	7.78
57.46	7.71
57.48	7.65
57.5	7.58
57.53	7.53
57.55	7.49
57.58	7.44
57.6	7.39
57.63	7.35
57.65	7.31
57.68	7.25
57.7	7.21
57.72	7.15
57.75	7.08
57.77	7.02
57.8	6.96
57.82	6.89
57.85	6.85
57.87	6.79
57.89	6.75
57.92	6.69
57.94	6.65
57.97	6.61
57.99	6.56
58.02	6.5
58.04	6.44
58.07	6.35
58.09	6.33
58.11	6.23
58.14	6.15
58.16	6.11
58.19	6.06
58.21	6.01
58.24	5.97
58.26	5.9
58.29	5.88
58.31	5.81
58.33	5.79
58.36	5.71
58.38	5.67
58.41	5.59
58.43	5.59
58.46	5.53
58.48	5.54
58.51	5.44
58.53	5.43
58.55	5.38
58.58	5.39
58.6	5.32
58.63	5.33
58.65	5.25
58.68	5.29
58.7	5.25
58.73	5.25
58.75	5.2
58.77	5.21
58.8	5.16
58.82	5.18
58.85	5.12
58.87	5.13
58.9	5.08
58.92	5.09
58.94	5.06
58.97	5.07
58.99	5.07
59.02	5.09
59.04	5.06
59.07	5.09
59.09	5.12
59.12	5.16
59.14	5.16
59.16	5.16
59.19	5.18
59.21	5.24
59.24	5.26
59.26	5.26
59.29	5.27
59.31	5.29
59.34	5.31
59.36	5.33
59.38	5.32
59.41	5.34
59.43	5.37
59.46	5.38
59.48	5.4
59.51	5.44
59.53	5.46
59.56	5.52
59.58	5.55
59.6	5.57
59.63	5.63
59.65	5.67
59.68	5.71
59.7	5.76
59.73	5.79
59.75	5.86
59.78	5.9
59.8	5.94
59.82	6.02
59.85	6.07
59.87	6.14
59.9	6.2
59.92	6.26
59.95	6.33
59.97	6.39
59.99	6.4
