U1	IA
0.02	0.55
0.04	0.57
0.07	0.57
0.09	0.57
0.12	0.57
0.14	0.56
0.17	0.56
0.19	0.57
0.21	0.53
0.24	0.54
0.26	0.55
0.29	0.55
0.31	0.55
0.34	0.54
0.36	0.54
0.39	0.55
0.41	0.56
0.43	0.54
0.46	0.53
0.48	0.52
0.51	0.53
0.53	0.52
0.56	0.56
0.58	0.53
0.61	0.54
0.63	0.53
0.65	0.58
0.68	0.55
0.7	0.58
0.73	0.52
0.75	0.54
0.78	0.53
0.8	0.58
0.83	0.53
0.85	0.56
0.87	0.51
0.9	0.56
0.92	0.56
0.95	0.59
0.97	0.53
1	0.55
1.02	0.52
1.05	0.56
1.07	0.52
1.09	0.53
1.12	0.5
1.14	0.53
1.17	0.5
1.19	0.53
1.22	0.51
1.24	0.54
1.26	0.51
1.29	0.54
1.31	0.54
1.34	0.55
1.36	0.55
1.39	0.58
1.41	0.58
1.44	0.61
1.46	0.59
1.48	0.61
1.51	0.63
1.53	0.61
1.56	0.6
1.58	0.59
1.61	0.57
1.63	0.6
1.66	0.62
1.68	0.58
1.7	0.58
1.73	0.59
1.75	0.59
1.78	0.6
1.8	0.59
1.83	0.55
1.85	0.58
1.88	0.57
1.9	0.55
1.92	0.54
1.95	0.53
1.97	0.53
2	0.55
2.02	0.52
2.05	0.53
2.07	0.51
2.1	0.54
2.12	0.53
2.14	0.53
2.17	0.51
2.19	0.54
2.22	0.54
2.24	0.58
2.27	0.56
2.29	0.56
2.31	0.54
2.34	0.57
2.36	0.54
2.39	0.58
2.41	0.51
2.44	0.55
2.46	0.52
2.49	0.55
2.51	0.53
2.53	0.57
2.56	0.5
2.58	0.56
2.61	0.51
2.63	0.54
2.66	0.5
2.68	0.51
2.71	0.48
2.73	0.54
2.75	0.51
2.78	0.56
2.8	0.52
2.83	0.55
2.85	0.55
2.88	0.58
2.9	0.55
2.93	0.56
2.95	0.53
2.97	0.58
3	0.59
3.02	0.59
3.05	0.58
3.07	0.57
3.1	0.56
3.12	0.6
3.15	0.59
3.17	0.57
3.19	0.56
3.22	0.56
3.24	0.54
3.27	0.56
3.29	0.54
3.32	0.55
3.34	0.54
3.36	0.51
3.39	0.5
3.41	0.52
3.44	0.51
3.46	0.5
3.49	0.48
3.51	0.51
3.54	0.53
3.56	0.53
3.58	0.54
3.61	0.53
3.63	0.52
3.66	0.54
3.68	0.53
3.71	0.52
3.73	0.55
3.76	0.55
3.78	0.57
3.8	0.57
3.83	0.57
3.85	0.58
3.88	0.61
3.9	0.6
3.93	0.61
3.95	0.57
3.98	0.59
4	0.56
4.02	0.58
4.05	0.57
4.07	0.56
4.1	0.52
4.12	0.55
4.15	0.52
4.17	0.56
4.2	0.52
4.22	0.53
4.24	0.51
4.27	0.55
4.29	0.53
4.32	0.59
4.34	0.56
4.37	0.58
4.39	0.56
4.42	0.61
4.44	0.58
4.46	0.6
4.49	0.54
4.51	0.58
4.54	0.55
4.56	0.57
4.59	0.56
4.61	0.57
4.63	0.56
4.66	0.57
4.68	0.56
4.71	0.6
4.73	0.6
4.76	0.58
4.78	0.57
4.81	0.56
4.83	0.55
4.85	0.55
4.88	0.51
4.9	0.5
4.93	0.51
4.95	0.51
4.98	0.54
5	0.55
5.03	0.54
5.05	0.57
5.07	0.58
5.1	0.57
5.12	0.59
5.15	0.57
5.17	0.57
5.2	0.58
5.22	0.57
5.25	0.57
5.27	0.58
5.29	0.58
5.32	0.62
5.34	0.62
5.37	0.63
5.39	0.62
5.42	0.63
5.44	0.66
5.47	0.68
5.49	0.65
5.51	0.65
5.54	0.6
5.56	0.62
5.59	0.61
5.61	0.59
5.64	0.53
5.66	0.55
5.68	0.51
5.71	0.57
5.73	0.53
5.76	0.57
5.78	0.55
5.81	0.59
5.83	0.56
5.86	0.61
5.88	0.57
5.9	0.62
5.93	0.57
5.95	0.6
5.98	0.6
6	0.62
6.03	0.58
6.05	0.64
6.08	0.6
6.1	0.64
6.12	0.6
6.15	0.62
6.17	0.59
6.2	0.63
6.22	0.58
6.25	0.6
6.27	0.56
6.3	0.57
6.32	0.53
6.34	0.54
6.37	0.52
6.39	0.54
6.42	0.54
6.44	0.55
6.47	0.54
6.49	0.58
6.52	0.61
6.54	0.62
6.56	0.64
6.59	0.65
6.61	0.65
6.64	0.67
6.66	0.65
6.69	0.63
6.71	0.64
6.73	0.62
6.76	0.63
6.78	0.65
6.81	0.64
6.83	0.65
6.86	0.66
6.88	0.64
6.91	0.68
6.93	0.66
6.95	0.63
6.98	0.64
7	0.64
7.03	0.62
7.05	0.63
7.08	0.6
7.1	0.62
7.13	0.62
7.15	0.63
7.17	0.62
7.2	0.62
7.22	0.59
7.25	0.64
7.27	0.62
7.3	0.65
7.32	0.62
7.35	0.64
7.37	0.64
7.39	0.68
7.42	0.62
7.44	0.67
7.47	0.61
7.49	0.64
7.52	0.61
7.54	0.65
7.57	0.62
7.59	0.66
7.61	0.62
7.64	0.69
7.66	0.68
7.69	0.7
7.71	0.66
7.74	0.66
7.76	0.65
7.78	0.67
7.81	0.62
7.83	0.65
7.86	0.61
7.88	0.65
7.91	0.66
7.93	0.68
7.96	0.67
7.98	0.72
8	0.71
8.03	0.76
8.05	0.76
8.08	0.79
8.1	0.78
8.13	0.79
8.15	0.74
8.18	0.77
8.2	0.76
8.22	0.76
8.25	0.77
8.27	0.76
8.3	0.76
8.32	0.77
8.35	0.76
8.37	0.77
8.4	0.78
8.42	0.75
8.44	0.76
8.47	0.73
8.49	0.73
8.52	0.73
8.54	0.71
8.57	0.72
8.59	0.73
8.62	0.72
8.64	0.74
8.66	0.73
8.69	0.73
8.71	0.76
8.74	0.74
8.76	0.73
8.79	0.76
8.81	0.77
8.84	0.81
8.86	0.8
8.88	0.78
8.91	0.77
8.93	0.8
8.96	0.8
8.98	0.82
9.01	0.77
9.03	0.81
9.05	0.78
9.08	0.82
9.1	0.83
9.13	0.85
9.15	0.8
9.18	0.85
9.2	0.78
9.23	0.85
9.25	0.81
9.27	0.8
9.3	0.78
9.32	0.84
9.35	0.8
9.37	0.87
9.4	0.82
9.42	0.85
9.45	0.85
9.47	0.88
9.49	0.85
9.52	0.89
9.54	0.85
9.57	0.87
9.59	0.85
9.62	0.87
9.64	0.84
9.67	0.83
9.69	0.82
9.71	0.84
9.74	0.85
9.76	0.88
9.79	0.87
9.81	0.87
9.84	0.91
9.86	0.9
9.89	0.89
9.91	0.88
9.93	0.87
9.96	0.86
9.98	0.84
10.01	0.82
10.03	0.85
10.06	0.84
10.08	0.85
10.1	0.86
10.13	0.87
10.15	0.88
10.18	0.89
10.2	0.85
10.23	0.88
10.25	0.9
10.28	0.91
10.3	0.9
10.32	0.93
10.35	0.93
10.37	0.97
10.4	0.96
10.42	0.95
10.45	0.93
10.47	0.96
10.5	0.96
10.52	0.99
10.54	0.96
10.57	1
10.59	0.97
10.62	1.01
10.64	1
10.67	0.99
10.69	0.96
10.72	0.98
10.74	0.94
10.76	0.99
10.79	0.95
10.81	0.97
10.84	0.95
10.86	0.99
10.89	0.96
10.91	1.01
10.94	0.97
10.96	1.01
10.98	0.98
11.01	1.03
11.03	1.01
11.06	1.04
11.08	1
11.11	1.05
11.13	1.03
11.15	1.06
11.18	1.04
11.2	1.05
11.23	1.02
11.25	1.06
11.28	1.01
11.3	1.07
11.33	1.05
11.35	1.03
11.37	1.04
11.4	1.04
11.42	1.03
11.45	1.06
11.47	1.01
11.5	1.02
11.52	0.99
11.55	0.98
11.57	1.02
11.59	1.01
11.62	1.02
11.64	1.03
11.67	1.04
11.69	1.05
11.72	1.1
11.74	1.1
11.77	1.12
11.79	1.12
11.81	1.14
11.84	1.15
11.86	1.18
11.89	1.15
11.91	1.16
11.94	1.16
11.96	1.2
11.99	1.19
12.01	1.2
12.03	1.21
12.06	1.24
12.08	1.24
12.11	1.26
12.13	1.23
12.16	1.25
12.18	1.24
12.21	1.26
12.23	1.24
12.25	1.24
12.28	1.2
12.3	1.24
12.33	1.22
12.35	1.25
12.38	1.22
12.4	1.24
12.42	1.24
12.45	1.3
12.47	1.26
12.5	1.31
12.52	1.26
12.55	1.3
12.57	1.31
12.6	1.33
12.62	1.29
12.64	1.33
12.67	1.3
12.69	1.37
12.72	1.37
12.74	1.38
12.77	1.37
12.79	1.4
12.82	1.39
12.84	1.42
12.86	1.38
12.89	1.38
12.91	1.36
12.94	1.39
12.96	1.41
12.99	1.4
13.01	1.39
13.04	1.4
13.06	1.4
13.08	1.41
13.11	1.41
13.13	1.41
13.16	1.42
13.18	1.43
13.21	1.41
13.23	1.41
13.26	1.43
13.28	1.43
13.3	1.47
13.33	1.45
13.35	1.45
13.38	1.44
13.4	1.46
13.43	1.48
13.45	1.49
13.47	1.44
13.5	1.48
13.52	1.48
13.55	1.54
13.57	1.52
13.6	1.52
13.62	1.51
13.65	1.55
13.67	1.53
13.69	1.55
13.72	1.51
13.74	1.53
13.77	1.51
13.79	1.54
13.82	1.5
13.84	1.54
13.87	1.52
13.89	1.56
13.91	1.54
13.94	1.54
13.96	1.49
13.99	1.53
14.01	1.52
14.04	1.56
14.06	1.52
14.09	1.54
14.11	1.52
14.13	1.57
14.16	1.55
14.18	1.56
14.21	1.51
14.23	1.56
14.26	1.54
14.28	1.58
14.31	1.53
14.33	1.54
14.35	1.5
14.38	1.55
14.4	1.52
14.43	1.54
14.45	1.48
14.48	1.51
14.5	1.51
14.52	1.54
14.55	1.5
14.57	1.51
14.6	1.48
14.62	1.52
14.65	1.52
14.67	1.53
14.7	1.53
14.72	1.54
14.74	1.53
14.77	1.55
14.79	1.57
14.82	1.57
14.84	1.57
14.87	1.55
14.89	1.56
14.92	1.56
14.94	1.56
14.96	1.56
14.99	1.57
15.01	1.55
15.04	1.57
15.06	1.54
15.09	1.56
15.11	1.54
15.14	1.54
15.16	1.54
15.18	1.54
15.21	1.52
15.23	1.57
15.26	1.55
15.28	1.57
15.31	1.56
15.33	1.58
15.36	1.6
15.38	1.61
15.4	1.56
15.43	1.61
15.45	1.58
15.48	1.6
15.5	1.59
15.53	1.61
15.55	1.61
15.57	1.67
15.6	1.64
15.62	1.69
15.65	1.65
15.67	1.67
15.7	1.65
15.72	1.68
15.75	1.62
15.77	1.66
15.79	1.61
15.82	1.67
15.84	1.64
15.87	1.68
15.89	1.65
15.92	1.7
15.94	1.67
15.97	1.72
15.99	1.67
16.01	1.72
16.04	1.7
16.06	1.75
16.09	1.73
16.11	1.76
16.14	1.73
16.16	1.78
16.19	1.74
16.21	1.78
16.23	1.81
16.26	1.84
16.28	1.83
16.31	1.87
16.33	1.89
16.36	1.94
16.38	1.94
16.41	1.91
16.43	1.92
16.45	1.94
16.48	1.97
16.5	1.98
16.53	1.99
16.55	2.01
16.58	2.02
16.6	2.02
16.63	2.06
16.65	2.06
16.67	2.09
16.7	2.08
16.72	2.11
16.75	2.12
16.77	2.16
16.8	2.15
16.82	2.18
16.84	2.16
16.87	2.19
16.89	2.21
16.92	2.23
16.94	2.21
16.97	2.28
16.99	2.28
17.02	2.33
17.04	2.33
17.06	2.35
17.09	2.35
17.11	2.41
17.14	2.37
17.16	2.4
17.19	2.37
17.21	2.43
17.24	2.43
17.26	2.49
17.28	2.47
17.31	2.52
17.33	2.51
17.36	2.58
17.38	2.56
17.41	2.59
17.43	2.56
17.46	2.61
17.48	2.58
17.5	2.64
17.53	2.6
17.55	2.63
17.58	2.61
17.6	2.66
17.63	2.63
17.65	2.66
17.68	2.61
17.7	2.67
17.72	2.66
17.75	2.69
17.77	2.66
17.8	2.7
17.82	2.7
17.85	2.73
17.87	2.69
17.89	2.73
17.92	2.73
17.94	2.72
17.97	2.71
17.99	2.73
18.02	2.76
18.04	2.78
18.07	2.77
18.09	2.77
18.11	2.79
18.14	2.8
18.16	2.82
18.19	2.81
18.21	2.83
18.24	2.81
18.26	2.82
18.29	2.81
18.31	2.82
18.33	2.79
18.36	2.8
18.38	2.76
18.41	2.75
18.43	2.75
18.46	2.77
18.48	2.76
18.51	2.76
18.53	2.72
18.55	2.77
18.58	2.76
18.6	2.75
18.63	2.7
18.65	2.69
18.68	2.67
18.7	2.7
18.73	2.64
18.75	2.68
18.77	2.66
18.8	2.69
18.82	2.68
18.85	2.69
18.87	2.64
18.9	2.7
18.92	2.67
18.94	2.69
18.97	2.64
18.99	2.67
19.02	2.61
19.04	2.64
19.07	2.57
19.09	2.58
19.12	2.51
19.14	2.55
19.16	2.52
19.19	2.57
19.21	2.53
19.24	2.55
19.26	2.52
19.29	2.6
19.31	2.56
19.34	2.57
19.36	2.53
19.38	2.54
19.41	2.52
19.43	2.56
19.46	2.5
19.48	2.51
19.51	2.46
19.53	2.47
19.56	2.48
19.58	2.48
19.6	2.45
19.63	2.46
19.65	2.46
19.68	2.47
19.7	2.45
19.73	2.45
19.75	2.45
19.78	2.42
19.8	2.38
19.82	2.38
19.85	2.36
19.87	2.38
19.9	2.39
19.92	2.38
19.95	2.39
19.97	2.38
19.99	2.41
20.02	2.44
20.04	2.43
20.07	2.39
20.09	2.42
20.12	2.39
20.14	2.45
20.17	2.43
20.19	2.42
20.21	2.43
20.24	2.47
20.26	2.44
20.29	2.51
20.31	2.5
20.34	2.51
20.36	2.54
20.39	2.56
20.41	2.55
20.43	2.6
20.46	2.57
20.48	2.62
20.51	2.61
20.53	2.6
20.56	2.58
20.58	2.61
20.61	2.6
20.63	2.64
20.65	2.6
20.68	2.66
20.7	2.65
20.73	2.72
20.75	2.74
20.78	2.79
20.8	2.76
20.83	2.82
20.85	2.78
20.87	2.87
20.9	2.84
20.92	2.86
20.95	2.87
20.97	2.93
21	2.92
21.02	3.01
21.05	2.98
21.07	3.03
21.09	3.08
21.12	3.14
21.14	3.17
21.17	3.22
21.19	3.2
21.22	3.26
21.24	3.28
21.26	3.3
21.29	3.3
21.31	3.3
21.34	3.32
21.36	3.37
21.39	3.42
21.41	3.47
21.44	3.49
21.46	3.53
21.48	3.61
21.51	3.64
21.53	3.68
21.56	3.73
21.58	3.76
21.61	3.78
21.63	3.82
21.66	3.82
21.68	3.9
21.7	3.94
21.73	3.96
21.75	4
21.78	4.07
21.8	4.09
21.83	4.17
21.85	4.19
21.88	4.24
21.9	4.28
21.92	4.34
21.95	4.36
21.97	4.4
22	4.39
22.02	4.45
22.05	4.43
22.07	4.48
22.1	4.47
22.12	4.51
22.14	4.55
22.17	4.62
22.19	4.59
22.22	4.68
22.24	4.67
22.27	4.72
22.29	4.73
22.31	4.75
22.34	4.72
22.36	4.78
22.39	4.73
22.41	4.81
22.44	4.77
22.46	4.8
22.49	4.78
22.51	4.85
22.53	4.83
22.56	4.89
22.58	4.83
22.61	4.88
22.63	4.86
22.66	4.91
22.68	4.88
22.71	4.89
22.73	4.82
22.75	4.87
22.78	4.83
22.8	4.85
22.83	4.81
22.85	4.82
22.88	4.79
22.9	4.81
22.93	4.8
22.95	4.84
22.97	4.8
23	4.79
23.02	4.75
23.05	4.73
23.07	4.74
23.1	4.7
23.12	4.65
23.15	4.65
23.17	4.62
23.19	4.57
23.22	4.61
23.24	4.58
23.27	4.58
23.29	4.52
23.32	4.49
23.34	4.47
23.36	4.5
23.39	4.44
23.41	4.42
23.44	4.38
23.46	4.37
23.49	4.34
23.51	4.3
23.54	4.24
23.56	4.24
23.58	4.18
23.61	4.17
23.63	4.15
23.66	4.13
23.68	4.1
23.71	4.09
23.73	4.03
23.76	4.03
23.78	3.96
23.8	3.96
23.83	3.91
23.85	3.93
23.88	3.88
23.9	3.88
23.93	3.82
23.95	3.85
23.98	3.8
24	3.81
24.02	3.76
24.05	3.78
24.07	3.74
24.1	3.76
24.12	3.7
24.15	3.72
24.17	3.65
24.2	3.66
24.22	3.61
24.24	3.61
24.27	3.55
24.29	3.55
24.32	3.5
24.34	3.54
24.37	3.5
24.39	3.53
24.42	3.52
24.44	3.54
24.46	3.52
24.49	3.55
24.51	3.51
24.54	3.53
24.56	3.51
24.59	3.52
24.61	3.52
24.63	3.53
24.66	3.53
24.68	3.54
24.71	3.52
24.73	3.53
24.76	3.53
24.78	3.54
24.81	3.55
24.83	3.53
24.85	3.54
24.88	3.55
24.9	3.57
24.93	3.59
24.95	3.63
24.98	3.61
25	3.64
25.03	3.66
25.05	3.69
25.07	3.69
25.1	3.7
25.12	3.66
25.15	3.71
25.17	3.73
25.2	3.76
25.22	3.74
25.25	3.8
25.27	3.82
25.29	3.89
25.32	3.9
25.34	3.97
25.37	3.98
25.39	4.06
25.42	4.07
25.44	4.11
25.47	4.11
25.49	4.18
25.51	4.2
25.54	4.27
25.56	4.28
25.59	4.34
25.61	4.37
25.64	4.45
25.66	4.47
25.68	4.55
25.71	4.53
25.73	4.62
25.76	4.62
25.78	4.73
25.81	4.74
25.83	4.81
25.86	4.81
25.88	4.92
25.9	4.92
25.93	5.02
25.95	5.02
25.98	5.1
26	5.15
26.03	5.26
26.05	5.28
26.08	5.39
26.1	5.42
26.12	5.52
26.15	5.58
26.17	5.65
26.2	5.69
26.22	5.77
26.25	5.79
26.27	5.88
26.3	5.94
26.32	6.01
26.34	6.07
26.37	6.13
26.39	6.19
26.42	6.27
26.44	6.33
26.47	6.39
26.49	6.47
26.52	6.54
26.54	6.62
26.56	6.66
26.59	6.74
26.61	6.81
26.64	6.88
26.66	6.91
26.69	6.96
26.71	6.98
26.73	7.1
26.76	7.15
26.78	7.21
26.81	7.25
26.83	7.3
26.86	7.34
26.88	7.44
26.91	7.45
26.93	7.49
26.95	7.52
26.98	7.6
27	7.65
27.03	7.73
27.05	7.72
27.08	7.8
27.1	7.82
27.13	7.86
27.15	7.86
27.17	7.87
27.2	7.85
27.22	7.89
27.25	7.86
27.27	7.89
27.3	7.88
27.32	7.92
27.35	7.9
27.37	7.94
27.39	7.91
27.42	7.94
27.44	7.9
27.47	7.92
27.49	7.86
27.52	7.89
27.54	7.85
27.57	7.84
27.59	7.81
27.61	7.82
27.64	7.76
27.66	7.76
27.69	7.72
27.71	7.7
27.74	7.65
27.76	7.62
27.78	7.55
27.81	7.53
27.83	7.47
27.86	7.43
27.88	7.39
27.91	7.37
27.93	7.3
27.96	7.28
27.98	7.24
28	7.22
28.03	7.16
28.05	7.09
28.08	7.02
28.1	6.97
28.13	6.9
28.15	6.84
28.18	6.78
28.2	6.68
28.22	6.64
28.25	6.58
28.27	6.55
28.3	6.48
28.32	6.44
28.35	6.34
28.37	6.31
28.4	6.23
28.42	6.21
28.44	6.12
28.47	6.08
28.49	6
28.52	5.99
28.54	5.93
28.57	5.9
28.59	5.81
28.62	5.82
28.64	5.76
28.66	5.74
28.69	5.66
28.71	5.64
28.74	5.57
28.76	5.59
28.79	5.49
28.81	5.47
28.84	5.39
28.86	5.39
28.88	5.32
28.91	5.33
28.93	5.25
28.96	5.25
28.98	5.19
29.01	5.2
29.03	5.14
29.05	5.15
29.08	5.09
29.1	5.11
29.13	5.05
29.15	5.08
29.18	5.01
29.2	5.03
29.23	5
29.25	5.02
29.27	5
29.3	5.02
29.32	4.98
29.35	5.04
29.37	5.04
29.4	5.07
29.42	5.04
29.45	5.07
29.47	5.08
29.49	5.1
29.52	5.09
29.54	5.12
29.57	5.13
29.59	5.15
29.62	5.15
29.64	5.17
29.67	5.2
29.69	5.23
29.71	5.24
29.74	5.25
29.76	5.26
29.79	5.28
29.81	5.34
29.84	5.38
29.86	5.44
29.89	5.45
29.91	5.51
29.93	5.57
29.96	5.64
29.98	5.65
30.01	5.71
30.03	5.71
30.06	5.77
30.08	5.82
30.1	5.88
30.13	5.9
30.15	5.97
30.18	6
30.2	6.11
30.23	6.16
30.25	6.23
30.28	6.28
30.3	6.36
30.32	6.41
30.35	6.5
30.37	6.51
30.4	6.61
30.42	6.67
30.45	6.77
30.47	6.82
30.5	6.92
30.52	6.95
30.54	7.1
30.57	7.15
30.59	7.27
30.62	7.33
30.64	7.45
30.67	7.49
30.69	7.63
30.72	7.66
30.74	7.77
30.76	7.8
30.79	7.92
30.81	8.02
30.84	8.16
30.86	8.21
30.89	8.34
30.91	8.41
30.94	8.58
30.96	8.68
30.98	8.77
31.01	8.85
31.03	8.96
31.06	9.03
31.08	9.17
31.11	9.22
31.13	9.32
31.15	9.39
31.18	9.51
31.2	9.63
31.23	9.77
31.25	9.86
31.28	9.99
31.3	10.09
31.33	10.21
31.35	10.32
31.37	10.4
31.4	10.49
31.42	10.6
31.45	10.68
31.47	10.76
31.5	10.89
31.52	10.98
31.55	11.12
31.57	11.21
31.59	11.32
31.62	11.39
31.64	11.51
31.67	11.6
31.69	11.7
31.72	11.72
31.74	11.81
31.77	11.85
31.79	11.93
31.81	11.96
31.84	12
31.86	12.04
31.89	12.11
31.91	12.14
31.94	12.21
31.96	12.25
31.99	12.3
32.01	12.32
32.03	12.36
32.06	12.35
32.08	12.39
32.11	12.36
32.13	12.39
32.16	12.36
32.18	12.38
32.2	12.33
32.23	12.33
32.25	12.28
32.28	12.32
32.3	12.23
32.33	12.23
32.35	12.17
32.38	12.17
32.4	12.14
32.42	12.12
32.45	12.01
32.47	12.01
32.5	11.92
32.52	11.91
32.55	11.81
32.57	11.74
32.6	11.66
32.62	11.6
32.64	11.49
32.67	11.45
32.69	11.31
32.72	11.24
32.74	11.17
32.77	11.11
32.79	11.03
32.82	10.95
32.84	10.85
32.86	10.79
32.89	10.71
32.91	10.6
32.94	10.5
32.96	10.38
32.99	10.28
33.01	10.19
33.04	10.09
33.06	9.99
33.08	9.91
33.11	9.78
33.13	9.7
33.16	9.59
33.18	9.51
33.21	9.39
33.23	9.27
33.26	9.13
33.28	9.05
33.3	8.93
33.33	8.87
33.35	8.73
33.38	8.65
33.4	8.57
33.43	8.51
33.45	8.43
33.47	8.42
33.5	8.3
33.52	8.27
33.55	8.19
33.57	8.16
33.6	8.08
33.62	8.05
33.65	7.92
33.67	7.91
33.69	7.81
33.72	7.77
33.74	7.7
33.77	7.68
33.79	7.62
33.82	7.61
33.84	7.54
33.87	7.57
33.89	7.49
33.91	7.5
33.94	7.44
33.96	7.41
33.99	7.35
34.01	7.36
34.04	7.28
34.06	7.33
34.09	7.26
34.11	7.26
34.13	7.24
34.16	7.28
34.18	7.25
34.21	7.31
34.23	7.27
34.26	7.31
34.28	7.33
34.31	7.38
34.33	7.37
34.35	7.42
34.38	7.39
34.4	7.46
34.43	7.48
34.45	7.52
34.48	7.56
34.5	7.59
34.52	7.64
34.55	7.7
34.57	7.73
34.6	7.81
34.62	7.84
34.65	7.87
34.67	7.95
34.7	7.97
34.72	8.04
34.74	8.13
34.77	8.19
34.79	8.26
34.82	8.32
34.84	8.37
34.87	8.5
34.89	8.56
34.92	8.63
34.94	8.71
34.96	8.79
34.99	8.88
35.01	8.99
35.04	9.07
35.06	9.17
35.09	9.25
35.11	9.36
35.14	9.47
35.16	9.58
35.18	9.67
35.21	9.78
35.23	9.85
35.26	9.98
35.28	10.04
35.31	10.16
35.33	10.29
35.36	10.43
35.38	10.5
35.4	10.67
35.43	10.74
35.45	10.91
35.48	11.02
35.5	11.16
35.53	11.24
35.55	11.39
35.57	11.45
35.6	11.65
35.62	11.72
35.65	11.88
35.67	11.97
35.7	12.16
35.72	12.27
35.75	12.48
35.77	12.56
35.79	12.74
35.82	12.85
35.84	13.02
35.87	13.15
35.89	13.29
35.92	13.38
35.94	13.57
35.97	13.68
35.99	13.86
36.01	13.96
36.04	14.11
36.06	14.28
36.09	14.45
36.11	14.58
36.14	14.76
36.16	14.85
36.19	15.02
36.21	15.15
36.23	15.27
36.26	15.4
36.28	15.53
36.31	15.63
36.33	15.78
36.36	15.88
36.38	15.99
36.41	16.13
36.43	16.25
36.45	16.4
36.48	16.52
36.5	16.66
36.53	16.77
36.55	16.91
36.58	17.02
36.6	17.14
36.62	17.2
36.65	17.3
36.67	17.37
36.7	17.46
36.72	17.52
36.75	17.58
36.77	17.63
36.8	17.75
36.82	17.79
36.84	17.84
36.87	17.88
36.89	17.91
36.92	17.9
36.94	17.94
36.97	17.89
36.99	17.92
37.02	17.88
37.04	17.89
37.06	17.88
37.09	17.88
37.11	17.81
37.14	17.81
37.16	17.72
37.19	17.72
37.21	17.61
37.24	17.57
37.26	17.48
37.28	17.46
37.31	17.36
37.33	17.33
37.36	17.19
37.38	17.15
37.41	17.05
37.43	16.98
37.46	16.84
37.48	16.74
37.5	16.57
37.53	16.52
37.55	16.35
37.58	16.22
37.6	16.04
37.63	15.91
37.65	15.78
37.68	15.69
37.7	15.52
37.72	15.4
37.75	15.24
37.77	15.13
37.8	15.02
37.82	14.87
37.85	14.72
37.87	14.57
37.89	14.41
37.92	14.28
37.94	14.14
37.97	13.97
37.99	13.86
38.02	13.69
38.04	13.58
38.07	13.45
38.09	13.32
38.11	13.18
38.14	13.07
38.16	12.86
38.19	12.74
38.21	12.56
38.24	12.46
38.26	12.33
38.29	12.2
38.31	12.03
38.33	11.96
38.36	11.83
38.38	11.74
38.41	11.58
38.43	11.47
38.46	11.37
38.48	11.3
38.51	11.16
38.53	11.12
38.55	11
38.58	10.97
38.6	10.88
38.63	10.81
38.65	10.72
38.68	10.69
38.7	10.6
38.73	10.58
38.75	10.49
38.77	10.47
38.8	10.42
38.82	10.42
38.85	10.36
38.87	10.36
38.9	10.31
38.92	10.34
38.94	10.3
38.97	10.31
38.99	10.29
39.02	10.31
39.04	10.3
39.07	10.35
39.09	10.33
39.12	10.37
39.14	10.34
39.16	10.38
39.19	10.4
39.21	10.44
39.24	10.46
39.26	10.54
39.29	10.56
39.31	10.64
39.34	10.68
39.36	10.77
39.38	10.82
39.41	10.87
39.43	10.92
39.46	11
39.48	11.07
39.51	11.15
39.53	11.19
39.56	11.27
39.58	11.35
39.6	11.43
39.63	11.52
39.65	11.61
39.68	11.74
39.7	11.84
39.73	11.94
39.75	12.02
39.78	12.14
39.8	12.24
39.82	12.34
39.85	12.43
39.87	12.54
39.9	12.66
39.92	12.84
39.95	12.91
39.97	13.07
39.99	13.22
40.02	13.39
40.04	13.53
40.07	13.69
40.09	13.79
40.12	13.97
40.14	14.09
40.17	14.23
40.19	14.32
40.21	14.49
40.24	14.65
40.26	14.86
40.29	14.99
40.31	15.18
40.34	15.31
40.36	15.53
40.39	15.69
40.41	15.89
40.43	15.98
40.46	16.18
40.48	16.28
40.51	16.52
40.53	16.64
40.56	16.82
40.58	16.95
40.61	17.2
40.63	17.36
40.65	17.61
40.68	17.71
40.7	17.92
40.73	18.1
40.75	18.37
40.78	18.52
40.8	18.73
40.83	18.87
40.85	19.1
40.87	19.26
40.9	19.46
40.92	19.6
40.95	19.81
40.97	19.98
41	20.21
41.02	20.39
41.05	20.63
41.07	20.81
41.09	21.01
41.12	21.16
41.14	21.36
41.17	21.51
41.19	21.69
41.22	21.81
41.24	21.96
41.26	22.1
41.29	22.24
41.31	22.44
41.34	22.59
41.36	22.76
41.39	22.91
41.41	23.05
41.44	23.19
41.46	23.37
41.48	23.46
41.51	23.56
41.53	23.65
41.56	23.77
41.58	23.85
41.61	23.95
41.63	24.01
41.66	24.11
41.68	24.2
41.7	24.29
41.73	24.36
41.75	24.44
41.78	24.48
41.8	24.55
41.83	24.53
41.85	24.58
41.88	24.57
41.9	24.58
41.92	24.56
41.95	24.55
41.97	24.48
42	24.51
42.02	24.42
42.05	24.4
42.07	24.3
42.1	24.27
42.12	24.18
42.14	24.11
42.17	23.98
42.19	23.97
42.22	23.84
42.24	23.77
42.27	23.64
42.29	23.57
42.31	23.47
42.34	23.37
42.36	23.18
42.39	23.06
42.41	22.91
42.44	22.79
42.46	22.61
42.49	22.45
42.51	22.3
42.53	22.18
42.56	22.01
42.58	21.88
42.61	21.71
42.63	21.54
42.66	21.38
42.68	21.17
42.71	20.97
42.73	20.81
42.75	20.59
42.78	20.38
42.8	20.16
42.83	19.95
42.85	19.78
42.88	19.58
42.9	19.42
42.93	19.24
42.95	19.07
42.97	18.89
43	18.78
43.02	18.57
43.05	18.41
43.07	18.18
43.1	18.01
43.12	17.81
43.15	17.68
43.17	17.45
43.19	17.33
43.22	17.15
43.24	17.05
43.27	16.9
43.29	16.77
43.32	16.62
43.34	16.53
43.36	16.35
43.39	16.25
43.41	16.07
43.44	15.97
43.46	15.85
43.49	15.75
43.51	15.6
43.54	15.52
43.56	15.37
43.58	15.33
43.61	15.19
43.63	15.14
43.66	15.06
43.68	15.03
43.71	14.96
43.73	14.96
43.76	14.88
43.78	14.9
43.8	14.81
43.83	14.81
43.85	14.76
43.88	14.77
43.9	14.71
43.93	14.76
43.95	14.7
43.98	14.75
44	14.73
44.02	14.77
44.05	14.76
44.07	14.81
44.1	14.79
44.12	14.88
44.15	14.88
44.17	14.96
44.2	14.98
44.22	15.06
44.24	15.14
44.27	15.21
44.29	15.27
44.32	15.34
44.34	15.37
44.37	15.47
44.39	15.57
44.41	15.66
44.44	15.76
44.46	15.87
44.49	15.98
44.51	16.1
44.54	16.24
44.56	16.36
44.59	16.51
44.61	16.6
44.63	16.72
44.66	16.88
44.68	17.03
44.71	17.15
44.73	17.31
44.76	17.4
44.78	17.56
44.81	17.73
44.83	17.89
44.85	18.05
44.88	18.22
44.9	18.36
44.93	18.59
44.95	18.74
44.98	18.9
45	19.04
45.03	19.22
45.05	19.37
45.07	19.56
45.1	19.7
45.12	19.96
45.15	20.15
45.17	20.4
45.2	20.57
45.22	20.81
45.25	21.01
45.27	21.26
45.29	21.43
45.32	21.69
45.34	21.83
45.37	22.06
45.39	22.25
45.42	22.47
45.44	22.64
45.47	22.87
45.49	23.03
45.51	23.33
45.54	23.53
45.56	23.75
45.59	23.96
45.61	24.21
45.64	24.42
45.66	24.67
45.68	24.82
45.71	25.07
45.73	25.25
45.76	25.49
45.78	25.7
45.81	25.94
45.83	26.17
45.86	26.47
45.88	26.67
45.9	26.96
45.93	27.2
45.95	27.46
45.98	27.69
46	27.87
46.03	28.04
46.05	28.28
46.08	28.46
46.1	28.66
46.12	28.87
46.15	29.03
46.17	29.26
46.2	29.45
46.22	29.64
46.25	29.86
46.27	30.08
46.3	30.21
46.32	30.4
46.34	30.56
46.37	30.72
46.39	30.88
46.42	31.01
46.44	31.12
46.47	31.26
46.49	31.39
46.52	31.53
46.54	31.61
46.56	31.74
46.59	31.86
46.61	31.97
46.64	32.06
46.66	32.18
46.69	32.23
46.71	32.35
46.73	32.39
46.76	32.44
46.78	32.44
46.81	32.5
46.83	32.48
46.86	32.54
46.88	32.53
46.91	32.54
46.93	32.48
46.95	32.5
46.98	32.47
47	32.41
47.03	32.33
47.05	32.32
47.08	32.22
47.1	32.21
47.13	32.11
47.15	32.03
47.17	31.93
47.2	31.86
47.22	31.73
47.25	31.65
47.27	31.49
47.3	31.39
47.32	31.27
47.35	31.17
47.37	31.01
47.39	30.88
47.42	30.72
47.44	30.6
47.47	30.43
47.49	30.26
47.52	30.08
47.54	29.89
47.57	29.67
47.59	29.49
47.61	29.26
47.64	29.06
47.66	28.83
47.69	28.61
47.71	28.41
47.74	28.19
47.76	27.99
47.78	27.78
47.81	27.59
47.83	27.38
47.86	27.18
47.88	26.94
47.91	26.79
47.93	26.54
47.96	26.32
47.98	26.07
48	25.85
48.03	25.59
48.05	25.44
48.08	25.18
48.1	24.98
48.13	24.78
48.15	24.63
48.18	24.42
48.2	24.24
48.22	23.99
48.25	23.85
48.27	23.63
48.3	23.45
48.32	23.21
48.35	23.04
48.37	22.87
48.4	22.75
48.42	22.52
48.44	22.41
48.47	22.24
48.49	22.16
48.52	22.04
48.54	21.93
48.57	21.78
48.59	21.72
48.62	21.58
48.64	21.51
48.66	21.38
48.69	21.31
48.71	21.21
48.74	21.18
48.76	21.1
48.79	21.12
48.81	21.05
48.84	21.07
48.86	21.01
48.88	21.02
48.91	21
48.93	21.02
48.96	20.95
48.98	21.01
49.01	21
49.03	21.07
49.05	21.05
49.08	21.12
49.1	21.12
49.13	21.22
49.15	21.22
49.18	21.3
49.2	21.33
49.23	21.47
49.25	21.51
49.27	21.62
49.3	21.68
49.32	21.81
49.35	21.89
49.37	22.05
49.4	22.12
49.42	22.26
49.45	22.37
49.47	22.53
49.49	22.65
49.52	22.8
49.54	22.93
49.57	23.08
49.59	23.21
49.62	23.37
49.64	23.53
49.67	23.7
49.69	23.86
49.71	24.03
49.74	24.21
49.76	24.39
49.79	24.6
49.81	24.79
49.84	24.97
49.86	25.12
49.89	25.3
49.91	25.5
49.93	25.72
49.96	25.9
49.98	26.11
50.01	26.32
50.03	26.6
50.06	26.85
50.08	27.09
50.1	27.31
50.13	27.55
50.15	27.8
50.18	28.09
50.2	28.27
50.23	28.51
50.25	28.73
50.28	28.98
50.3	29.2
50.32	29.43
50.35	29.61
50.37	29.94
50.4	30.21
50.42	30.52
50.45	30.76
50.47	31.08
50.5	31.34
50.52	31.72
50.54	31.91
50.57	32.18
50.59	32.37
50.62	32.66
50.64	32.88
50.67	33.19
50.69	33.36
50.72	33.68
50.74	33.92
50.76	34.28
50.79	34.53
50.81	34.84
50.84	35.07
50.86	35.38
50.89	35.59
50.91	35.89
50.94	36.09
50.96	36.35
50.98	36.53
51.01	36.79
51.03	36.99
51.06	37.32
51.08	37.54
51.11	37.84
51.13	38.08
51.15	38.37
51.18	38.62
51.2	38.9
51.23	39.08
51.25	39.28
51.28	39.42
51.3	39.63
51.33	39.8
51.35	39.97
51.37	40.13
51.4	40.3
51.42	40.5
51.45	40.64
51.47	40.82
51.5	41
51.52	41.17
51.55	41.29
51.57	41.44
51.59	41.54
51.62	41.71
51.64	41.79
51.67	41.86
51.69	41.95
51.72	42.05
51.74	42.11
51.77	42.2
51.79	42.23
51.81	42.27
51.84	42.32
51.86	42.39
51.89	42.39
51.91	42.39
51.94	42.39
51.96	42.41
51.99	42.39
52.01	42.38
52.03	42.31
52.06	42.27
52.08	42.23
52.11	42.23
52.13	42.14
52.16	42.11
52.18	42
52.2	41.92
52.23	41.83
52.25	41.75
52.28	41.58
52.3	41.5
52.33	41.32
52.35	41.22
52.38	41.08
52.4	40.97
52.42	40.82
52.45	40.68
52.47	40.51
52.5	40.38
52.52	40.17
52.55	39.98
52.57	39.77
52.6	39.59
52.62	39.36
52.64	39.17
52.67	38.95
52.69	38.76
52.72	38.56
52.74	38.33
52.77	38.11
52.79	37.9
52.82	37.64
52.84	37.41
52.86	37.18
52.89	36.94
52.91	36.7
52.94	36.45
52.96	36.21
52.99	36
53.01	35.78
53.04	35.56
53.06	35.33
53.08	35.08
53.11	34.86
53.13	34.61
53.16	34.4
53.18	34.14
53.21	33.91
53.23	33.66
53.26	33.46
53.28	33.22
53.3	33.07
53.33	32.83
53.35	32.68
53.38	32.45
53.4	32.31
53.43	32.1
53.45	31.94
53.47	31.72
53.5	31.59
53.52	31.38
53.55	31.24
53.57	31.06
53.6	30.95
53.62	30.8
53.65	30.71
53.67	30.56
53.69	30.51
53.72	30.4
53.74	30.35
53.77	30.25
53.79	30.21
53.82	30.12
53.84	30.09
53.87	29.98
53.89	29.96
53.91	29.91
53.94	29.94
53.96	29.91
53.99	29.95
54.01	29.92
54.04	29.99
54.06	29.98
54.09	30.02
54.11	30.03
54.13	30.1
54.16	30.11
54.18	30.21
54.21	30.21
54.23	30.35
54.26	30.42
54.28	30.53
54.31	30.63
54.33	30.76
54.35	30.84
54.38	30.99
54.4	31.08
54.43	31.25
54.45	31.36
54.48	31.47
54.5	31.58
54.52	31.72
54.55	31.86
54.57	32.04
54.6	32.17
54.62	32.34
54.65	32.5
54.67	32.71
54.7	32.93
54.72	33.1
54.74	33.28
54.77	33.48
54.79	33.66
54.82	33.87
54.84	34.09
54.87	34.31
54.89	34.57
54.92	34.8
54.94	35.05
54.96	35.31
54.99	35.55
55.01	35.81
55.04	36.09
55.06	36.36
55.09	36.63
55.11	36.88
55.14	37.12
55.16	37.41
55.18	37.65
55.21	37.87
55.23	38.15
55.26	38.37
55.28	38.7
55.31	39.04
55.33	39.37
55.36	39.66
55.38	39.97
55.4	40.21
55.43	40.59
55.45	40.82
55.48	41.1
55.5	41.32
55.53	41.6
55.55	41.84
55.57	42.21
55.6	42.46
55.62	42.81
55.65	43.08
55.67	43.45
55.7	43.79
55.72	44.18
55.75	44.44
55.77	44.75
55.79	44.99
55.82	45.32
55.84	45.55
55.87	45.83
55.89	46.08
55.92	46.37
55.94	46.69
55.97	47.08
55.99	47.36
56.01	47.7
56.04	47.96
56.06	48.3
56.09	48.57
56.11	48.88
56.14	49.06
56.16	49.32
56.19	49.52
56.21	49.72
56.23	49.83
56.26	49.92
56.28	49.94
56.31	50
56.33	50
56.36	50
56.38	50
56.41	50
56.43	50
56.45	50
56.48	50
56.5	50
56.53	50
56.55	50
56.58	50
56.6	50
56.62	50
56.65	50
56.67	50
56.7	50
56.72	50
56.75	50
56.77	50
56.8	50
56.82	50
56.84	50
56.87	50
56.89	50
56.92	50
56.94	50
56.97	50
56.99	50
57.02	50
57.04	50
57.06	50
57.09	50
57.11	50
57.14	50
57.16	50
57.19	50
57.21	50
57.24	50
57.26	50
57.28	50
57.31	50
57.33	50
57.36	50
57.38	50
57.41	50
57.43	50
57.46	50
57.48	50
57.5	50
57.53	50
57.55	50
57.58	50
57.6	50
57.63	50
57.65	50
57.68	50
57.7	50
57.72	50
57.75	50
57.77	50
57.8	50
57.82	50
57.85	50
57.87	50
57.89	50
57.92	49.94
57.94	49.88
57.97	49.8
57.99	49.61
58.02	49.45
58.04	49.21
58.07	48.99
58.09	48.77
58.11	48.53
58.14	48.2
58.16	47.97
58.19	47.67
58.21	47.47
58.24	47.21
58.26	46.98
58.29	46.72
58.31	46.58
58.33	46.34
58.36	46.16
58.38	45.88
58.41	45.66
58.43	45.41
58.46	45.2
58.48	44.95
58.51	44.74
58.53	44.5
58.55	44.35
58.58	44.14
58.6	43.98
58.63	43.8
58.65	43.65
58.68	43.51
58.7	43.43
58.73	43.26
58.75	43.18
58.77	43.05
58.8	42.95
58.82	42.84
58.85	42.76
58.87	42.62
58.9	42.58
58.92	42.46
58.94	42.41
58.97	42.31
58.99	42.3
59.02	42.27
59.04	42.28
59.07	42.25
59.09	42.27
59.12	42.23
59.14	42.27
59.16	42.27
59.19	42.3
59.21	42.3
59.24	42.37
59.26	42.37
59.29	42.45
59.31	42.54
59.34	42.63
59.36	42.73
59.38	42.82
59.41	42.89
59.43	43.05
59.46	43.19
59.48	43.32
59.51	43.45
59.53	43.58
59.56	43.76
59.58	43.96
59.6	44.12
59.63	44.27
59.65	44.44
59.68	44.58
59.7	44.78
59.73	44.94
59.75	45.12
59.78	45.31
59.8	45.55
59.82	45.74
59.85	45.99
59.87	46.22
59.9	46.45
59.92	46.71
59.95	46.97
59.97	47.16
59.99	47.33
