U1	IA
0.02	0.48
0.04	0.47
0.07	0.47
0.09	0.46
0.12	0.44
0.14	0.47
0.17	0.46
0.19	0.46
0.21	0.47
0.24	0.47
0.26	0.47
0.29	0.49
0.31	0.47
0.34	0.49
0.36	0.48
0.39	0.47
0.41	0.48
0.43	0.48
0.46	0.46
0.48	0.49
0.51	0.47
0.53	0.48
0.56	0.48
0.58	0.48
0.61	0.49
0.63	0.5
0.65	0.48
0.68	0.49
0.7	0.47
0.73	0.47
0.75	0.47
0.78	0.46
0.8	0.46
0.83	0.46
0.85	0.45
0.87	0.47
0.9	0.46
0.92	0.46
0.95	0.48
0.97	0.48
1	0.49
1.02	0.49
1.05	0.48
1.07	0.48
1.09	0.48
1.12	0.45
1.14	0.46
1.17	0.45
1.19	0.45
1.22	0.46
1.24	0.47
1.26	0.47
1.29	0.48
1.31	0.47
1.34	0.51
1.36	0.5
1.39	0.5
1.41	0.49
1.44	0.48
1.46	0.47
1.48	0.48
1.51	0.45
1.53	0.47
1.56	0.46
1.58	0.47
1.61	0.49
1.63	0.5
1.66	0.49
1.68	0.51
1.7	0.5
1.73	0.52
1.75	0.51
1.78	0.51
1.8	0.5
1.83	0.51
1.85	0.48
1.88	0.5
1.9	0.47
1.92	0.47
1.95	0.45
1.97	0.46
2	0.45
2.02	0.47
2.05	0.44
2.07	0.48
2.1	0.48
2.12	0.49
2.14	0.48
2.17	0.47
2.19	0.45
2.22	0.47
2.24	0.44
2.27	0.46
2.29	0.44
2.31	0.44
2.34	0.46
2.36	0.48
2.39	0.47
2.41	0.5
2.44	0.48
2.46	0.5
2.49	0.5
2.51	0.5
2.53	0.5
2.56	0.51
2.58	0.48
2.61	0.49
2.63	0.47
2.66	0.48
2.68	0.49
2.71	0.48
2.73	0.47
2.75	0.47
2.78	0.47
2.8	0.5
2.83	0.49
2.85	0.48
2.88	0.48
2.9	0.46
2.93	0.46
2.95	0.47
2.97	0.45
3	0.45
3.02	0.45
3.05	0.44
3.07	0.47
3.1	0.46
3.12	0.47
3.15	0.48
3.17	0.49
3.19	0.49
3.22	0.51
3.24	0.49
3.27	0.5
3.29	0.49
3.32	0.48
3.34	0.47
3.36	0.46
3.39	0.45
3.41	0.47
3.44	0.45
3.46	0.47
3.49	0.45
3.51	0.46
3.54	0.49
3.56	0.5
3.58	0.48
3.61	0.49
3.63	0.46
3.66	0.48
3.68	0.47
3.71	0.46
3.73	0.44
3.76	0.44
3.78	0.43
3.8	0.47
3.83	0.46
3.85	0.46
3.88	0.46
3.9	0.48
3.93	0.48
3.95	0.5
3.98	0.47
4	0.49
4.02	0.49
4.05	0.49
4.07	0.5
4.1	0.49
4.12	0.47
4.15	0.49
4.17	0.48
4.2	0.49
4.22	0.46
4.24	0.45
4.27	0.49
4.29	0.49
4.32	0.48
4.34	0.49
4.37	0.47
4.39	0.48
4.42	0.48
4.44	0.46
4.46	0.46
4.49	0.46
4.51	0.45
4.54	0.47
4.56	0.47
4.59	0.47
4.61	0.48
4.63	0.47
4.66	0.48
4.68	0.49
4.71	0.49
4.73	0.49
4.76	0.49
4.78	0.49
4.81	0.51
4.83	0.49
4.85	0.49
4.88	0.48
4.9	0.48
4.93	0.48
4.95	0.49
4.98	0.46
5	0.52
5.03	0.51
5.05	0.52
5.07	0.51
5.1	0.49
5.12	0.49
5.15	0.5
5.17	0.46
5.2	0.47
5.22	0.45
5.25	0.46
5.27	0.48
5.29	0.48
5.32	0.46
5.34	0.48
5.37	0.47
5.39	0.49
5.42	0.48
5.44	0.48
5.47	0.47
5.49	0.5
5.51	0.47
5.54	0.49
5.56	0.46
5.59	0.47
5.61	0.47
5.64	0.48
5.66	0.47
5.68	0.48
5.71	0.46
5.73	0.5
5.76	0.49
5.78	0.5
5.81	0.49
5.83	0.48
5.86	0.47
5.88	0.49
5.9	0.46
5.93	0.48
5.95	0.44
5.98	0.45
6	0.47
6.03	0.47
6.05	0.46
6.08	0.47
6.1	0.46
6.12	0.48
6.15	0.48
6.17	0.48
6.2	0.49
6.22	0.49
6.25	0.49
6.27	0.49
6.3	0.49
6.32	0.49
6.34	0.49
6.37	0.48
6.39	0.48
6.42	0.48
6.44	0.48
6.47	0.5
6.49	0.5
6.52	0.49
6.54	0.49
6.56	0.5
6.59	0.51
6.61	0.5
6.64	0.49
6.66	0.48
6.69	0.48
6.71	0.47
6.73	0.49
6.76	0.48
6.78	0.49
6.81	0.49
6.83	0.5
6.86	0.51
6.88	0.53
6.91	0.5
6.93	0.51
6.95	0.5
6.98	0.5
7	0.51
7.03	0.5
7.05	0.49
7.08	0.51
7.1	0.51
7.13	0.53
7.15	0.52
7.17	0.52
7.2	0.53
7.22	0.53
7.25	0.51
7.27	0.52
7.3	0.51
7.32	0.53
7.35	0.51
7.37	0.53
7.39	0.54
7.42	0.55
7.44	0.53
7.47	0.55
7.49	0.53
7.52	0.54
7.54	0.53
7.57	0.54
7.59	0.54
7.61	0.56
7.64	0.53
7.66	0.54
7.69	0.54
7.71	0.54
7.74	0.54
7.76	0.54
7.78	0.53
7.81	0.54
7.83	0.53
7.86	0.55
7.88	0.55
7.91	0.55
7.93	0.56
7.96	0.56
7.98	0.56
8	0.56
8.03	0.55
8.05	0.55
8.08	0.54
8.1	0.54
8.13	0.56
8.15	0.54
8.18	0.54
8.2	0.55
8.22	0.54
8.25	0.55
8.27	0.57
8.3	0.56
8.32	0.59
8.35	0.58
8.37	0.57
8.4	0.58
8.42	0.59
8.44	0.56
8.47	0.58
8.49	0.55
8.52	0.56
8.54	0.56
8.57	0.56
8.59	0.57
8.62	0.58
8.64	0.57
8.66	0.6
8.69	0.58
8.71	0.6
8.74	0.6
8.76	0.59
8.79	0.58
8.81	0.59
8.84	0.59
8.86	0.62
8.88	0.59
8.91	0.61
8.93	0.63
8.96	0.65
8.98	0.64
9.01	0.66
9.03	0.64
9.05	0.66
9.08	0.65
9.1	0.64
9.13	0.63
9.15	0.64
9.18	0.63
9.2	0.67
9.23	0.67
9.25	0.68
9.27	0.68
9.3	0.69
9.32	0.69
9.35	0.7
9.37	0.67
9.4	0.69
9.42	0.68
9.45	0.68
9.47	0.68
9.49	0.68
9.52	0.68
9.54	0.68
9.57	0.66
9.59	0.67
9.62	0.65
9.64	0.65
9.67	0.66
9.69	0.65
9.71	0.65
9.74	0.65
9.76	0.65
9.79	0.67
9.81	0.68
9.84	0.67
9.86	0.68
9.89	0.68
9.91	0.68
9.93	0.7
9.96	0.71
9.98	0.71
10.01	0.72
10.03	0.72
10.06	0.74
10.08	0.75
10.1	0.74
10.13	0.75
10.15	0.74
10.18	0.73
10.2	0.74
10.23	0.72
10.25	0.74
10.28	0.73
10.3	0.73
10.32	0.74
10.35	0.73
10.37	0.73
10.4	0.75
10.42	0.74
10.45	0.75
10.47	0.75
10.5	0.76
10.52	0.77
10.54	0.79
10.57	0.77
10.59	0.79
10.62	0.78
10.64	0.79
10.67	0.8
10.69	0.82
10.72	0.8
10.74	0.82
10.76	0.81
10.79	0.84
10.81	0.81
10.84	0.81
10.86	0.8
10.89	0.8
10.91	0.78
10.94	0.8
10.96	0.78
10.98	0.81
11.01	0.8
11.03	0.81
11.06	0.82
11.08	0.83
11.11	0.82
11.13	0.85
11.15	0.84
11.18	0.85
11.2	0.86
11.23	0.87
11.25	0.87
11.28	0.88
11.3	0.85
11.33	0.87
11.35	0.87
11.37	0.87
11.4	0.9
11.42	0.89
11.45	0.89
11.47	0.9
11.5	0.9
11.52	0.92
11.55	0.92
11.57	0.89
11.59	0.89
11.62	0.89
11.64	0.9
11.67	0.9
11.69	0.9
11.72	0.89
11.74	0.9
11.77	0.9
11.79	0.91
11.81	0.92
11.84	0.92
11.86	0.94
11.89	0.95
11.91	0.95
11.94	0.97
11.96	0.96
11.99	0.98
12.01	0.97
12.03	0.97
12.06	0.97
12.08	0.98
12.11	0.97
12.13	1.01
12.16	0.99
12.18	1.01
12.21	1
12.23	1.02
12.25	1.03
12.28	1.05
12.3	1.01
12.33	1.03
12.35	1.01
12.38	1.03
12.4	1.03
12.42	1.03
12.45	1.02
12.47	1.05
12.5	1.04
12.52	1.07
12.55	1.06
12.57	1.08
12.6	1.09
12.62	1.11
12.64	1.11
12.67	1.13
12.69	1.12
12.72	1.13
12.74	1.12
12.77	1.12
12.79	1.11
12.82	1.12
12.84	1.11
12.86	1.14
12.89	1.12
12.91	1.16
12.94	1.16
12.96	1.16
12.99	1.17
13.01	1.19
13.04	1.17
13.06	1.19
13.08	1.17
13.11	1.17
13.13	1.18
13.16	1.17
13.18	1.17
13.21	1.18
13.23	1.18
13.26	1.2
13.28	1.2
13.3	1.21
13.33	1.23
13.35	1.24
13.38	1.25
13.4	1.25
13.43	1.26
13.45	1.27
13.47	1.28
13.5	1.26
13.52	1.27
13.55	1.25
13.57	1.24
13.6	1.26
13.62	1.27
13.65	1.27
13.67	1.29
13.69	1.27
13.72	1.31
13.74	1.31
13.77	1.3
13.79	1.29
13.82	1.29
13.84	1.27
13.87	1.29
13.89	1.26
13.91	1.28
13.94	1.28
13.96	1.29
13.99	1.3
14.01	1.31
14.04	1.3
14.06	1.34
14.09	1.32
14.11	1.34
14.13	1.33
14.16	1.34
14.18	1.33
14.21	1.34
14.23	1.31
14.26	1.33
14.28	1.3
14.31	1.31
14.33	1.32
14.35	1.33
14.38	1.32
14.4	1.34
14.43	1.32
14.45	1.37
14.48	1.36
14.5	1.35
14.52	1.34
14.55	1.33
14.57	1.32
14.6	1.33
14.62	1.3
14.65	1.31
14.67	1.29
14.7	1.3
14.72	1.31
14.74	1.32
14.77	1.31
14.79	1.35
14.82	1.33
14.84	1.36
14.87	1.36
14.89	1.37
14.92	1.37
14.94	1.38
14.96	1.35
14.99	1.36
15.01	1.35
15.04	1.35
15.06	1.36
15.09	1.34
15.11	1.35
15.14	1.36
15.16	1.36
15.18	1.4
15.21	1.4
15.23	1.39
15.26	1.4
15.28	1.37
15.31	1.38
15.33	1.37
15.36	1.35
15.38	1.35
15.4	1.35
15.43	1.35
15.45	1.38
15.48	1.38
15.5	1.39
15.53	1.41
15.55	1.41
15.57	1.41
15.6	1.44
15.62	1.42
15.65	1.44
15.67	1.43
15.7	1.42
15.72	1.41
15.75	1.42
15.77	1.4
15.79	1.42
15.82	1.41
15.84	1.43
15.87	1.42
15.89	1.45
15.92	1.47
15.94	1.48
15.97	1.47
15.99	1.49
16.01	1.46
16.04	1.48
16.06	1.46
16.09	1.46
16.11	1.46
16.14	1.48
16.16	1.46
16.19	1.5
16.21	1.49
16.23	1.51
16.26	1.52
16.28	1.54
16.31	1.54
16.33	1.57
16.36	1.56
16.38	1.59
16.41	1.59
16.43	1.59
16.45	1.6
16.48	1.6
16.5	1.59
16.53	1.61
16.55	1.6
16.58	1.63
16.6	1.65
16.63	1.65
16.65	1.7
16.67	1.71
16.7	1.72
16.72	1.75
16.75	1.73
16.77	1.72
16.8	1.73
16.82	1.71
16.84	1.73
16.87	1.73
16.89	1.74
16.92	1.77
16.94	1.79
16.97	1.8
16.99	1.84
17.02	1.83
17.04	1.87
17.06	1.87
17.09	1.88
17.11	1.89
17.14	1.91
17.16	1.9
17.19	1.94
17.21	1.93
17.24	1.95
17.26	1.97
17.28	1.99
17.31	1.99
17.33	2.02
17.36	2.01
17.38	2.07
17.41	2.07
17.43	2.09
17.46	2.09
17.48	2.09
17.5	2.08
17.53	2.1
17.55	2.07
17.58	2.11
17.6	2.08
17.63	2.11
17.65	2.14
17.68	2.16
17.7	2.16
17.72	2.18
17.75	2.17
17.77	2.2
17.8	2.19
17.82	2.21
17.85	2.2
17.87	2.22
17.89	2.2
17.92	2.23
17.94	2.21
17.97	2.24
17.99	2.24
18.02	2.25
18.04	2.24
18.07	2.27
18.09	2.25
18.11	2.31
18.14	2.3
18.16	2.31
18.19	2.3
18.21	2.3
18.24	2.31
18.26	2.32
18.29	2.29
18.31	2.3
18.33	2.29
18.36	2.3
18.38	2.32
18.41	2.32
18.43	2.35
18.46	2.35
18.48	2.35
18.51	2.36
18.53	2.37
18.55	2.36
18.58	2.36
18.6	2.32
18.63	2.31
18.65	2.32
18.68	2.3
18.7	2.3
18.73	2.3
18.75	2.29
18.77	2.31
18.8	2.3
18.82	2.3
18.85	2.33
18.87	2.33
18.9	2.31
18.92	2.32
18.94	2.29
18.97	2.3
18.99	2.29
19.02	2.28
19.04	2.27
19.07	2.27
19.09	2.25
19.12	2.28
19.14	2.26
19.16	2.27
19.19	2.25
19.21	2.25
19.24	2.25
19.26	2.25
19.29	2.22
19.31	2.24
19.34	2.22
19.36	2.21
19.38	2.2
19.41	2.2
19.43	2.18
19.46	2.19
19.48	2.16
19.51	2.17
19.53	2.15
19.56	2.15
19.58	2.17
19.6	2.18
19.63	2.16
19.65	2.18
19.68	2.17
19.7	2.19
19.73	2.16
19.75	2.16
19.78	2.15
19.8	2.13
19.82	2.12
19.85	2.12
19.87	2.11
19.9	2.13
19.92	2.14
19.95	2.15
19.97	2.16
19.99	2.18
20.02	2.16
20.04	2.17
20.07	2.17
20.09	2.16
20.12	2.17
20.14	2.15
20.17	2.13
20.19	2.14
20.21	2.14
20.24	2.15
20.26	2.15
20.29	2.13
20.31	2.15
20.34	2.15
20.36	2.15
20.39	2.16
20.41	2.17
20.43	2.16
20.46	2.18
20.48	2.18
20.51	2.21
20.53	2.19
20.56	2.2
20.58	2.21
20.61	2.22
20.63	2.21
20.65	2.22
20.68	2.22
20.7	2.25
20.73	2.24
20.75	2.26
20.78	2.26
20.8	2.28
20.83	2.29
20.85	2.32
20.87	2.31
20.9	2.34
20.92	2.34
20.95	2.36
20.97	2.38
21	2.4
21.02	2.39
21.05	2.43
21.07	2.43
21.09	2.46
21.12	2.47
21.14	2.49
21.17	2.49
21.19	2.53
21.22	2.54
21.24	2.59
21.26	2.58
21.29	2.61
21.31	2.63
21.34	2.67
21.36	2.68
21.39	2.72
21.41	2.72
21.44	2.77
21.46	2.79
21.48	2.82
21.51	2.84
21.53	2.87
21.56	2.88
21.58	2.94
21.61	2.95
21.63	2.99
21.66	2.99
21.68	3.01
21.7	3.04
21.73	3.08
21.75	3.09
21.78	3.13
21.8	3.15
21.83	3.19
21.85	3.21
21.88	3.23
21.9	3.26
21.92	3.29
21.95	3.32
21.97	3.35
22	3.35
22.02	3.38
22.05	3.43
22.07	3.45
22.1	3.46
22.12	3.48
22.14	3.51
22.17	3.55
22.19	3.58
22.22	3.59
22.24	3.62
22.27	3.62
22.29	3.65
22.31	3.69
22.34	3.72
22.36	3.73
22.39	3.76
22.41	3.75
22.44	3.79
22.46	3.8
22.49	3.81
22.51	3.82
22.53	3.83
22.56	3.83
22.58	3.86
22.61	3.86
22.63	3.87
22.66	3.87
22.68	3.88
22.71	3.88
22.73	3.88
22.75	3.87
22.78	3.91
22.8	3.9
22.83	3.93
22.85	3.92
22.88	3.94
22.9	3.95
22.93	3.96
22.95	3.92
22.97	3.94
23	3.91
23.02	3.92
23.05	3.92
23.07	3.93
23.1	3.91
23.12	3.92
23.15	3.89
23.17	3.92
23.19	3.89
23.22	3.87
23.24	3.85
23.27	3.85
23.29	3.83
23.32	3.83
23.34	3.81
23.36	3.81
23.39	3.79
23.41	3.78
23.44	3.77
23.46	3.76
23.49	3.73
23.51	3.74
23.54	3.71
23.56	3.7
23.58	3.69
23.61	3.67
23.63	3.66
23.66	3.64
23.68	3.61
23.71	3.6
23.73	3.58
23.76	3.57
23.78	3.57
23.8	3.55
23.83	3.53
23.85	3.52
23.88	3.51
23.9	3.51
23.93	3.49
23.95	3.43
23.98	3.43
24	3.41
24.02	3.39
24.05	3.38
24.07	3.35
24.1	3.33
24.12	3.33
24.15	3.3
24.17	3.32
24.2	3.28
24.22	3.27
24.24	3.26
24.27	3.26
24.29	3.22
24.32	3.22
24.34	3.19
24.37	3.2
24.39	3.18
24.42	3.16
24.44	3.15
24.46	3.15
24.49	3.13
24.51	3.15
24.54	3.12
24.56	3.12
24.59	3.11
24.61	3.1
24.63	3.11
24.66	3.11
24.68	3.08
24.71	3.11
24.73	3.08
24.76	3.09
24.78	3.08
24.81	3.08
24.83	3.06
24.85	3.07
24.88	3.05
24.9	3.08
24.93	3.06
24.95	3.07
24.98	3.09
25	3.11
25.03	3.11
25.05	3.14
25.07	3.13
25.1	3.16
25.12	3.16
25.15	3.15
25.17	3.16
25.2	3.16
25.22	3.17
25.25	3.21
25.27	3.22
25.29	3.24
25.32	3.26
25.34	3.28
25.37	3.31
25.39	3.34
25.42	3.33
25.44	3.37
25.47	3.38
25.49	3.39
25.51	3.41
25.54	3.41
25.56	3.44
25.59	3.46
25.61	3.48
25.64	3.5
25.66	3.54
25.68	3.56
25.71	3.63
25.73	3.65
25.76	3.69
25.78	3.7
25.81	3.73
25.83	3.76
25.86	3.8
25.88	3.79
25.9	3.84
25.93	3.86
25.95	3.92
25.98	3.99
26	4.04
26.03	4.07
26.05	4.14
26.08	4.17
26.1	4.24
26.12	4.27
26.15	4.3
26.17	4.34
26.2	4.38
26.22	4.4
26.25	4.46
26.27	4.47
26.3	4.53
26.32	4.56
26.34	4.61
26.37	4.67
26.39	4.72
26.42	4.76
26.44	4.83
26.47	4.86
26.49	4.92
26.52	4.96
26.54	5
26.56	5.04
26.59	5.11
26.61	5.12
26.64	5.19
26.66	5.22
26.69	5.29
26.71	5.36
26.73	5.41
26.76	5.45
26.78	5.5
26.81	5.54
26.83	5.62
26.86	5.65
26.88	5.68
26.91	5.71
26.93	5.73
26.95	5.76
26.98	5.81
27	5.83
27.03	5.87
27.05	5.89
27.08	5.92
27.1	5.99
27.13	6.04
27.15	6.07
27.17	6.12
27.2	6.14
27.22	6.17
27.25	6.2
27.27	6.2
27.3	6.21
27.32	6.22
27.35	6.21
27.37	6.24
27.39	6.25
27.42	6.26
27.44	6.31
27.47	6.31
27.49	6.33
27.52	6.33
27.54	6.35
27.57	6.36
27.59	6.37
27.61	6.33
27.64	6.34
27.66	6.31
27.69	6.31
27.71	6.29
27.74	6.27
27.76	6.25
27.78	6.23
27.81	6.2
27.83	6.22
27.86	6.19
27.88	6.19
27.91	6.18
27.93	6.16
27.96	6.14
27.98	6.13
28	6.09
28.03	6.08
28.05	6.03
28.08	6
28.1	5.95
28.13	5.93
28.15	5.87
28.18	5.87
28.2	5.8
28.22	5.78
28.25	5.74
28.27	5.72
28.3	5.69
28.32	5.68
28.35	5.61
28.37	5.6
28.4	5.53
28.42	5.49
28.44	5.44
28.47	5.4
28.49	5.35
28.52	5.32
28.54	5.27
28.57	5.27
28.59	5.23
28.62	5.19
28.64	5.18
28.66	5.16
28.69	5.13
28.71	5.09
28.74	5.04
28.76	5.01
28.79	4.98
28.81	4.92
28.84	4.89
28.86	4.84
28.88	4.79
28.91	4.77
28.93	4.75
28.96	4.72
28.98	4.7
29.01	4.66
29.03	4.66
29.05	4.64
29.08	4.62
29.1	4.59
29.13	4.55
29.15	4.52
29.18	4.51
29.2	4.47
29.23	4.46
29.25	4.42
29.27	4.41
29.3	4.41
29.32	4.41
29.35	4.38
29.37	4.4
29.4	4.38
29.42	4.4
29.45	4.39
29.47	4.39
29.49	4.38
29.52	4.39
29.54	4.35
29.57	4.36
29.59	4.34
29.62	4.34
29.64	4.33
29.67	4.34
29.69	4.34
29.71	4.37
29.74	4.37
29.76	4.42
29.79	4.42
29.81	4.45
29.84	4.46
29.86	4.46
29.89	4.47
29.91	4.5
29.93	4.5
29.96	4.53
29.98	4.54
30.01	4.57
30.03	4.6
30.06	4.64
30.08	4.65
30.1	4.71
30.13	4.73
30.15	4.78
30.18	4.81
30.2	4.86
30.23	4.89
30.25	4.94
30.28	4.95
30.3	5
30.32	5.02
30.35	5.07
30.37	5.12
30.4	5.16
30.42	5.2
30.45	5.26
30.47	5.29
30.5	5.39
30.52	5.45
30.54	5.49
30.57	5.54
30.59	5.59
30.62	5.64
30.64	5.72
30.67	5.76
30.69	5.81
30.72	5.85
30.74	5.91
30.76	6
30.79	6.05
30.81	6.11
30.84	6.17
30.86	6.25
30.89	6.33
30.91	6.42
30.94	6.46
30.96	6.56
30.98	6.62
31.01	6.69
31.03	6.76
31.06	6.83
31.08	6.88
31.11	6.97
31.13	7.02
31.15	7.11
31.18	7.18
31.2	7.26
31.23	7.37
31.25	7.47
31.28	7.54
31.3	7.65
31.33	7.7
31.35	7.78
31.37	7.84
31.4	7.9
31.42	7.97
31.45	8.04
31.47	8.09
31.5	8.19
31.52	8.26
31.55	8.36
31.57	8.43
31.59	8.52
31.62	8.6
31.64	8.69
31.67	8.74
31.69	8.83
31.72	8.88
31.74	8.95
31.77	9
31.79	9.05
31.81	9.1
31.84	9.16
31.86	9.21
31.89	9.29
31.91	9.33
31.94	9.38
31.96	9.45
31.99	9.49
32.01	9.52
32.03	9.57
32.06	9.57
32.08	9.6
32.11	9.62
32.13	9.63
32.16	9.66
32.18	9.66
32.2	9.67
32.23	9.72
32.25	9.71
32.28	9.71
32.3	9.71
32.33	9.71
32.35	9.72
32.38	9.71
32.4	9.69
32.42	9.68
32.45	9.67
32.47	9.64
32.5	9.62
32.52	9.57
32.55	9.54
32.57	9.5
32.6	9.47
32.62	9.43
32.64	9.4
32.67	9.35
32.69	9.36
32.72	9.31
32.74	9.27
32.77	9.22
32.79	9.17
32.82	9.11
32.84	9.05
32.86	8.96
32.89	8.91
32.91	8.83
32.94	8.78
32.96	8.71
32.99	8.65
33.01	8.57
33.04	8.51
33.06	8.42
33.08	8.37
33.11	8.29
33.13	8.22
33.16	8.14
33.18	8.09
33.21	8.02
33.23	7.98
33.26	7.87
33.28	7.82
33.3	7.74
33.33	7.7
33.35	7.62
33.38	7.57
33.4	7.47
33.43	7.45
33.45	7.37
33.47	7.32
33.5	7.24
33.52	7.19
33.55	7.12
33.57	7.09
33.6	7.01
33.62	6.97
33.65	6.88
33.67	6.84
33.69	6.79
33.72	6.74
33.74	6.67
33.77	6.62
33.79	6.57
33.82	6.56
33.84	6.51
33.87	6.48
33.89	6.45
33.91	6.4
33.94	6.37
33.96	6.35
33.99	6.3
34.01	6.27
34.04	6.24
34.06	6.2
34.09	6.2
34.11	6.18
34.13	6.15
34.16	6.15
34.18	6.14
34.21	6.12
34.23	6.12
34.26	6.11
34.28	6.11
34.31	6.1
34.33	6.1
34.35	6.08
34.38	6.08
34.4	6.08
34.43	6.09
34.45	6.1
34.48	6.11
34.5	6.12
34.52	6.14
34.55	6.17
34.57	6.2
34.6	6.21
34.62	6.24
34.65	6.25
34.67	6.29
34.7	6.33
34.72	6.36
34.74	6.39
34.77	6.45
34.79	6.48
34.82	6.55
34.84	6.58
34.87	6.61
34.89	6.66
34.92	6.7
34.94	6.72
34.96	6.77
34.99	6.79
35.01	6.85
35.04	6.9
35.06	6.97
35.09	7.03
35.11	7.1
35.14	7.17
35.16	7.26
35.18	7.32
35.21	7.39
35.23	7.45
35.26	7.53
35.28	7.59
35.31	7.66
35.33	7.71
35.36	7.79
35.38	7.86
35.4	7.95
35.43	8.04
35.45	8.13
35.48	8.21
35.5	8.31
35.53	8.4
35.55	8.5
35.57	8.58
35.6	8.64
35.62	8.73
35.65	8.85
35.67	8.93
35.7	9.03
35.72	9.12
35.75	9.22
35.77	9.33
35.79	9.43
35.82	9.51
35.84	9.6
35.87	9.72
35.89	9.82
35.92	9.92
35.94	10.01
35.97	10.12
35.99	10.21
36.01	10.34
36.04	10.43
36.06	10.54
36.09	10.65
36.11	10.79
36.14	10.89
36.16	11.04
36.19	11.13
36.21	11.25
36.23	11.36
36.26	11.48
36.28	11.57
36.31	11.69
36.33	11.75
36.36	11.87
36.38	11.94
36.41	12.06
36.43	12.15
36.45	12.26
36.48	12.35
36.5	12.45
36.53	12.54
36.55	12.65
36.58	12.71
36.6	12.8
36.62	12.88
36.65	12.95
36.67	13
36.7	13.07
36.72	13.12
36.75	13.2
36.77	13.25
36.8	13.31
36.82	13.36
36.84	13.42
36.87	13.46
36.89	13.53
36.92	13.56
36.94	13.6
36.97	13.62
36.99	13.65
37.02	13.67
37.04	13.69
37.06	13.67
37.09	13.69
37.11	13.67
37.14	13.68
37.16	13.66
37.19	13.66
37.21	13.63
37.24	13.62
37.26	13.59
37.28	13.58
37.31	13.51
37.33	13.49
37.36	13.45
37.38	13.42
37.41	13.37
37.43	13.32
37.46	13.25
37.48	13.22
37.5	13.16
37.53	13.08
37.55	13.01
37.58	12.91
37.6	12.83
37.63	12.78
37.65	12.7
37.68	12.63
37.7	12.56
37.72	12.46
37.75	12.4
37.77	12.32
37.8	12.19
37.82	12.1
37.85	11.98
37.87	11.88
37.89	11.79
37.92	11.68
37.94	11.58
37.97	11.48
37.99	11.39
38.02	11.3
38.04	11.2
38.07	11.1
38.09	11.03
38.11	10.93
38.14	10.84
38.16	10.72
38.19	10.61
38.21	10.5
38.24	10.4
38.26	10.27
38.29	10.17
38.31	10.05
38.33	9.97
38.36	9.89
38.38	9.83
38.41	9.73
38.43	9.65
38.46	9.55
38.48	9.5
38.51	9.39
38.53	9.31
38.55	9.21
38.58	9.14
38.6	9.04
38.63	9
38.65	8.91
38.68	8.88
38.7	8.81
38.73	8.76
38.75	8.71
38.77	8.69
38.8	8.62
38.82	8.61
38.85	8.54
38.87	8.52
38.9	8.47
38.92	8.45
38.94	8.41
38.97	8.4
38.99	8.35
39.02	8.36
39.04	8.33
39.07	8.33
39.09	8.33
39.12	8.33
39.14	8.33
39.16	8.34
39.19	8.34
39.21	8.37
39.24	8.38
39.26	8.37
39.29	8.38
39.31	8.38
39.34	8.41
39.36	8.43
39.38	8.44
39.41	8.47
39.43	8.5
39.46	8.53
39.48	8.59
39.51	8.62
39.53	8.66
39.56	8.73
39.58	8.78
39.6	8.83
39.63	8.89
39.65	8.94
39.68	9.02
39.7	9.07
39.73	9.12
39.75	9.16
39.78	9.23
39.8	9.29
39.82	9.4
39.85	9.45
39.87	9.54
39.9	9.62
39.92	9.72
39.95	9.82
39.97	9.92
39.99	9.98
40.02	10.1
40.04	10.18
40.07	10.27
40.09	10.35
40.12	10.43
40.14	10.51
40.17	10.62
40.19	10.69
40.21	10.8
40.24	10.91
40.26	11.03
40.29	11.17
40.31	11.29
40.34	11.41
40.36	11.54
40.39	11.66
40.41	11.79
40.43	11.9
40.46	11.99
40.48	12.1
40.51	12.22
40.53	12.32
40.56	12.46
40.58	12.57
40.61	12.71
40.63	12.86
40.65	13
40.68	13.17
40.7	13.32
40.73	13.43
40.75	13.6
40.78	13.7
40.8	13.83
40.83	13.95
40.85	14.05
40.87	14.18
40.9	14.32
40.92	14.44
40.95	14.61
40.97	14.76
41	14.92
41.02	15.1
41.05	15.25
41.07	15.41
41.09	15.56
41.12	15.67
41.14	15.78
41.17	15.91
41.19	15.99
41.22	16.12
41.24	16.22
41.26	16.33
41.29	16.48
41.31	16.62
41.34	16.75
41.36	16.9
41.39	17.01
41.41	17.16
41.44	17.28
41.46	17.4
41.48	17.48
41.51	17.57
41.53	17.64
41.56	17.74
41.58	17.79
41.61	17.89
41.63	17.93
41.66	18.02
41.68	18.11
41.7	18.19
41.73	18.23
41.75	18.32
41.78	18.35
41.8	18.4
41.83	18.43
41.85	18.46
41.88	18.47
41.9	18.5
41.92	18.49
41.95	18.51
41.97	18.48
42	18.49
42.02	18.49
42.05	18.48
42.07	18.44
42.1	18.42
42.12	18.36
42.14	18.37
42.17	18.32
42.19	18.28
42.22	18.21
42.24	18.17
42.27	18.1
42.29	18.03
42.31	17.94
42.34	17.87
42.36	17.76
42.39	17.68
42.41	17.59
42.44	17.51
42.46	17.42
42.49	17.35
42.51	17.25
42.53	17.17
42.56	17.07
42.58	16.97
42.61	16.87
42.63	16.76
42.66	16.63
42.68	16.51
42.71	16.37
42.73	16.25
42.75	16.12
42.78	15.99
42.8	15.85
42.83	15.72
42.85	15.58
42.88	15.5
42.9	15.37
42.93	15.23
42.95	15.11
42.97	14.96
43	14.82
43.02	14.7
43.05	14.54
43.07	14.4
43.1	14.26
43.12	14.12
43.15	14.02
43.17	13.87
43.19	13.73
43.22	13.62
43.24	13.51
43.27	13.4
43.29	13.29
43.32	13.17
43.34	13.07
43.36	12.96
43.39	12.83
43.41	12.72
43.44	12.6
43.46	12.5
43.49	12.41
43.51	12.31
43.54	12.24
43.56	12.15
43.58	12.06
43.61	12.01
43.63	11.95
43.66	11.86
43.68	11.81
43.71	11.72
43.73	11.69
43.76	11.62
43.78	11.56
43.8	11.49
43.83	11.45
43.85	11.4
43.88	11.41
43.9	11.35
43.93	11.34
43.95	11.33
43.98	11.33
44	11.32
44.02	11.33
44.05	11.31
44.07	11.32
44.1	11.32
44.12	11.31
44.15	11.33
44.17	11.34
44.2	11.34
44.22	11.37
44.24	11.39
44.27	11.43
44.29	11.47
44.32	11.51
44.34	11.57
44.37	11.61
44.39	11.65
44.41	11.71
44.44	11.75
44.46	11.79
44.49	11.85
44.51	11.89
44.54	11.99
44.56	12.07
44.59	12.14
44.61	12.22
44.63	12.29
44.66	12.36
44.68	12.5
44.71	12.56
44.73	12.67
44.76	12.75
44.78	12.88
44.81	12.98
44.83	13.12
44.85	13.2
44.88	13.36
44.9	13.45
44.93	13.6
44.95	13.71
44.98	13.85
45	13.95
45.03	14.08
45.05	14.15
45.07	14.32
45.1	14.42
45.12	14.58
45.15	14.7
45.17	14.84
45.2	14.98
45.22	15.16
45.25	15.28
45.27	15.45
45.29	15.56
45.32	15.72
45.34	15.87
45.37	16.02
45.39	16.16
45.42	16.32
45.44	16.45
45.47	16.63
45.49	16.8
45.51	16.96
45.54	17.13
45.56	17.3
45.59	17.46
45.61	17.66
45.64	17.83
45.66	17.98
45.68	18.15
45.71	18.32
45.73	18.47
45.76	18.64
45.78	18.78
45.81	18.97
45.83	19.14
45.86	19.33
45.88	19.5
45.9	19.67
45.93	19.84
45.95	20.01
45.98	20.16
46	20.32
46.03	20.46
46.05	20.62
46.08	20.78
46.1	20.92
46.12	21.07
46.15	21.23
46.17	21.39
46.2	21.55
46.22	21.69
46.25	21.85
46.27	22.02
46.3	22.16
46.32	22.3
46.34	22.43
46.37	22.55
46.39	22.68
46.42	22.79
46.44	22.87
46.47	22.98
46.49	23.07
46.52	23.16
46.54	23.28
46.56	23.36
46.59	23.42
46.61	23.52
46.64	23.56
46.66	23.66
46.69	23.68
46.71	23.74
46.73	23.79
46.76	23.84
46.78	23.86
46.81	23.93
46.83	23.93
46.86	23.99
46.88	24
46.91	24.02
46.93	24.03
46.95	24.03
46.98	24.02
47	24.02
47.03	23.98
47.05	23.96
47.08	23.92
47.1	23.88
47.13	23.84
47.15	23.8
47.17	23.72
47.2	23.7
47.22	23.61
47.25	23.56
47.27	23.51
47.3	23.43
47.32	23.32
47.35	23.24
47.37	23.11
47.39	23.03
47.42	22.89
47.44	22.78
47.47	22.64
47.49	22.53
47.52	22.41
47.54	22.32
47.57	22.16
47.59	22.03
47.61	21.88
47.64	21.75
47.66	21.61
47.69	21.46
47.71	21.26
47.74	21.1
47.76	20.93
47.78	20.79
47.81	20.66
47.83	20.49
47.86	20.33
47.88	20.19
47.91	20.05
47.93	19.89
47.96	19.72
47.98	19.53
48	19.38
48.03	19.21
48.05	19.04
48.08	18.87
48.1	18.72
48.13	18.57
48.15	18.43
48.18	18.28
48.2	18.14
48.22	17.97
48.25	17.84
48.27	17.7
48.3	17.54
48.32	17.38
48.35	17.25
48.37	17.11
48.4	17.01
48.42	16.88
48.44	16.77
48.47	16.67
48.49	16.57
48.52	16.48
48.54	16.4
48.57	16.28
48.59	16.2
48.62	16.11
48.64	16.01
48.66	15.94
48.69	15.87
48.71	15.78
48.74	15.76
48.76	15.7
48.79	15.66
48.81	15.62
48.84	15.59
48.86	15.58
48.88	15.57
48.91	15.54
48.93	15.53
48.96	15.49
48.98	15.5
49.01	15.48
49.03	15.46
49.05	15.45
49.08	15.47
49.1	15.48
49.13	15.53
49.15	15.53
49.18	15.57
49.2	15.61
49.23	15.65
49.25	15.68
49.27	15.74
49.3	15.77
49.32	15.84
49.35	15.9
49.37	15.97
49.4	16.04
49.42	16.12
49.45	16.19
49.47	16.3
49.49	16.37
49.52	16.47
49.54	16.54
49.57	16.64
49.59	16.76
49.62	16.85
49.64	16.95
49.67	17.08
49.69	17.16
49.71	17.3
49.74	17.43
49.76	17.53
49.79	17.67
49.81	17.79
49.84	17.91
49.86	18.07
49.89	18.19
49.91	18.32
49.93	18.48
49.96	18.6
49.98	18.76
50.01	18.92
50.03	19.08
50.06	19.25
50.08	19.43
50.1	19.59
50.13	19.8
50.15	19.96
50.18	20.14
50.2	20.29
50.23	20.46
50.25	20.62
50.28	20.8
50.3	20.93
50.32	21.15
50.35	21.33
50.37	21.54
50.4	21.74
50.42	21.92
50.45	22.11
50.47	22.34
50.5	22.51
50.52	22.73
50.54	22.9
50.57	23.08
50.59	23.26
50.62	23.46
50.64	23.63
50.67	23.84
50.69	23.99
50.72	24.22
50.74	24.43
50.76	24.67
50.79	24.88
50.81	25.08
50.84	25.26
50.86	25.5
50.89	25.67
50.91	25.87
50.94	26.05
50.96	26.22
50.98	26.39
51.01	26.57
51.03	26.71
51.06	26.95
51.08	27.11
51.11	27.31
51.13	27.49
51.15	27.68
51.18	27.87
51.2	28.05
51.23	28.19
51.25	28.34
51.28	28.45
51.3	28.59
51.33	28.75
51.35	28.88
51.37	29.01
51.4	29.14
51.42	29.25
51.45	29.39
51.47	29.52
51.5	29.61
51.52	29.73
51.55	29.81
51.57	29.89
51.59	29.99
51.62	30.03
51.64	30.1
51.67	30.16
51.69	30.2
51.72	30.26
51.74	30.31
51.77	30.35
51.79	30.45
51.81	30.48
51.84	30.5
51.86	30.53
51.89	30.5
51.91	30.48
51.94	30.48
51.96	30.45
51.99	30.42
52.01	30.38
52.03	30.34
52.06	30.34
52.08	30.32
52.11	30.25
52.13	30.17
52.16	30.1
52.18	30.05
52.2	29.98
52.23	29.89
52.25	29.8
52.28	29.73
52.3	29.64
52.33	29.57
52.35	29.46
52.38	29.36
52.4	29.24
52.42	29.11
52.45	28.99
52.47	28.85
52.5	28.69
52.52	28.58
52.55	28.44
52.57	28.29
52.6	28.14
52.62	27.95
52.64	27.83
52.67	27.67
52.69	27.51
52.72	27.31
52.74	27.16
52.77	26.99
52.79	26.85
52.82	26.66
52.84	26.5
52.86	26.29
52.89	26.13
52.91	25.93
52.94	25.76
52.96	25.54
52.99	25.38
53.01	25.18
53.04	25.04
53.06	24.89
53.08	24.72
53.11	24.54
53.13	24.41
53.16	24.2
53.18	24.04
53.21	23.85
53.23	23.67
53.26	23.53
53.28	23.36
53.3	23.18
53.33	23.06
53.35	22.9
53.38	22.78
53.4	22.64
53.43	22.5
53.45	22.39
53.47	22.27
53.5	22.16
53.52	22.05
53.55	21.94
53.57	21.82
53.6	21.74
53.62	21.65
53.65	21.59
53.67	21.49
53.69	21.42
53.72	21.35
53.74	21.31
53.77	21.23
53.79	21.19
53.82	21.1
53.84	21.07
53.87	21.02
53.89	20.99
53.91	20.96
53.94	20.96
53.96	20.93
53.99	20.96
54.01	20.93
54.04	20.95
54.06	20.95
54.09	20.96
54.11	20.98
54.13	21.02
54.16	21.04
54.18	21.09
54.21	21.12
54.23	21.18
54.26	21.23
54.28	21.31
54.31	21.36
54.33	21.44
54.35	21.51
54.38	21.62
54.4	21.7
54.43	21.79
54.45	21.86
54.48	21.93
54.5	22.02
54.52	22.15
54.55	22.24
54.57	22.38
54.6	22.5
54.62	22.63
54.65	22.78
54.67	22.92
54.7	23.04
54.72	23.18
54.74	23.28
54.77	23.39
54.79	23.53
54.82	23.66
54.84	23.81
54.87	23.96
54.89	24.13
54.92	24.32
54.94	24.51
54.96	24.7
54.99	24.92
55.01	25.1
55.04	25.3
55.06	25.51
55.09	25.68
55.11	25.87
55.14	26.07
55.16	26.22
55.18	26.43
55.21	26.61
55.23	26.79
55.26	27.03
55.28	27.25
55.31	27.47
55.33	27.71
55.36	27.89
55.38	28.13
55.4	28.36
55.43	28.55
55.45	28.75
55.48	28.97
55.5	29.16
55.53	29.39
55.55	29.56
55.57	29.8
55.6	30.01
55.62	30.26
55.65	30.46
55.67	30.7
55.7	30.92
55.72	31.2
55.75	31.41
55.77	31.64
55.79	31.8
55.82	32.03
55.84	32.23
55.87	32.45
55.89	32.59
55.92	32.79
55.94	33
55.97	33.25
55.99	33.47
56.01	33.67
56.04	33.87
56.06	34.09
56.09	34.3
56.11	34.53
56.14	34.69
56.16	34.84
56.19	35.02
56.21	35.19
56.23	35.36
56.26	35.51
56.28	35.64
56.31	35.8
56.33	35.96
56.36	36.14
56.38	36.3
56.41	36.44
56.43	36.58
56.45	36.76
56.48	36.88
56.5	37
56.53	37.09
56.55	37.19
56.58	37.3
56.6	37.39
56.62	37.44
56.65	37.51
56.67	37.57
56.7	37.62
56.72	37.71
56.75	37.78
56.77	37.8
56.8	37.86
56.82	37.91
56.84	37.97
56.87	38.01
56.89	38.01
56.92	38.01
56.94	38.03
56.97	38.03
56.99	38.03
57.02	38.03
57.04	37.99
57.06	37.95
57.09	37.89
57.11	37.86
57.14	37.8
57.16	37.75
57.19	37.69
57.21	37.66
57.24	37.64
57.26	37.59
57.28	37.54
57.31	37.47
57.33	37.38
57.36	37.27
57.38	37.17
57.41	37.06
57.43	36.93
57.46	36.81
57.48	36.67
57.5	36.53
57.53	36.42
57.55	36.29
57.58	36.17
57.6	36.06
57.63	35.91
57.65	35.77
57.68	35.6
57.7	35.43
57.72	35.24
57.75	35.04
57.77	34.83
57.8	34.66
57.82	34.48
57.85	34.34
57.87	34.17
57.89	34.03
57.92	33.88
57.94	33.73
57.97	33.55
57.99	33.41
58.02	33.23
58.04	33.06
58.07	32.85
58.09	32.67
58.11	32.47
58.14	32.28
58.16	32.05
58.19	31.87
58.21	31.69
58.24	31.56
58.26	31.38
58.29	31.24
58.31	31.1
58.33	30.96
58.36	30.8
58.38	30.65
58.41	30.44
58.43	30.29
58.46	30.13
58.48	29.98
58.51	29.82
58.53	29.69
58.55	29.55
58.58	29.46
58.6	29.33
58.63	29.22
58.65	29.14
58.68	29.05
58.7	28.97
58.73	28.89
58.75	28.8
58.77	28.74
58.8	28.65
58.82	28.57
58.85	28.51
58.87	28.44
58.9	28.39
58.92	28.36
58.94	28.33
58.97	28.32
58.99	28.3
59.02	28.29
59.04	28.3
59.07	28.3
59.09	28.3
59.12	28.3
59.14	28.32
59.16	28.33
59.19	28.39
59.21	28.4
59.24	28.46
59.26	28.5
59.29	28.57
59.31	28.62
59.34	28.72
59.36	28.78
59.38	28.91
59.41	28.98
59.43	29.1
59.46	29.21
59.48	29.35
59.51	29.45
59.53	29.58
59.56	29.65
59.58	29.8
59.6	29.91
59.63	30.05
59.65	30.19
59.68	30.33
59.7	30.46
59.73	30.63
59.75	30.77
59.78	30.94
59.8	31.08
59.82	31.22
59.85	31.39
59.87	31.55
59.9	31.74
59.92	31.93
59.95	32.1
59.97	32.25
59.99	32.38
