U1	IA
0.02	0.58
0.04	0.57
0.07	0.62
0.09	0.62
0.12	0.67
0.14	0.58
0.17	0.64
0.19	0.63
0.21	0.68
0.24	0.63
0.26	0.66
0.29	0.61
0.31	0.69
0.34	0.67
0.36	0.69
0.39	0.62
0.41	0.66
0.43	0.61
0.46	0.64
0.48	0.57
0.51	0.57
0.53	0.53
0.56	0.56
0.58	0.51
0.61	0.55
0.63	0.54
0.65	0.57
0.68	0.53
0.7	0.55
0.73	0.57
0.75	0.59
0.78	0.59
0.8	0.6
0.83	0.58
0.85	0.61
0.87	0.61
0.9	0.61
0.92	0.61
0.95	0.6
0.97	0.59
1	0.6
1.02	0.61
1.05	0.62
1.07	0.61
1.09	0.61
1.12	0.62
1.14	0.63
1.17	0.62
1.19	0.6
1.22	0.6
1.24	0.62
1.26	0.63
1.29	0.63
1.31	0.61
1.34	0.61
1.36	0.64
1.39	0.62
1.41	0.58
1.44	0.56
1.46	0.57
1.48	0.57
1.51	0.62
1.53	0.56
1.56	0.57
1.58	0.57
1.61	0.6
1.63	0.57
1.66	0.62
1.68	0.55
1.7	0.62
1.73	0.6
1.75	0.64
1.78	0.6
1.8	0.64
1.83	0.56
1.85	0.62
1.88	0.59
1.9	0.64
1.92	0.56
1.95	0.61
1.97	0.55
2	0.61
2.02	0.56
2.05	0.59
2.07	0.52
2.1	0.58
2.12	0.54
2.14	0.58
2.17	0.54
2.19	0.59
2.22	0.56
2.24	0.62
2.27	0.61
2.29	0.65
2.31	0.64
2.34	0.66
2.36	0.64
2.39	0.68
2.41	0.66
2.44	0.71
2.46	0.69
2.49	0.7
2.51	0.7
2.53	0.69
2.56	0.67
2.58	0.65
2.61	0.6
2.63	0.58
2.66	0.52
2.68	0.51
2.71	0.51
2.73	0.51
2.75	0.49
2.78	0.47
2.8	0.44
2.83	0.46
2.85	0.42
2.88	0.39
2.9	0.41
2.93	0.44
2.95	0.48
2.97	0.53
3	0.56
3.02	0.62
3.05	0.68
3.07	0.66
3.1	0.67
3.12	0.64
3.15	0.66
3.17	0.67
3.19	0.7
3.22	0.64
3.24	0.64
3.27	0.59
3.29	0.66
3.32	0.62
3.34	0.67
3.36	0.59
3.39	0.63
3.41	0.59
3.44	0.7
3.46	0.65
3.49	0.71
3.51	0.6
3.54	0.68
3.56	0.64
3.58	0.69
3.61	0.55
3.63	0.55
3.66	0.47
3.68	0.56
3.71	0.51
3.73	0.58
3.76	0.52
3.78	0.61
3.8	0.59
3.83	0.65
3.85	0.6
3.88	0.62
3.9	0.57
3.93	0.62
3.95	0.62
3.98	0.69
4	0.65
4.02	0.65
4.05	0.62
4.07	0.66
4.1	0.66
4.12	0.66
4.15	0.62
4.17	0.62
4.2	0.61
4.22	0.63
4.24	0.61
4.27	0.6
4.29	0.59
4.32	0.58
4.34	0.56
4.37	0.57
4.39	0.54
4.42	0.55
4.44	0.57
4.46	0.58
4.49	0.58
4.51	0.58
4.54	0.58
4.56	0.61
4.59	0.61
4.61	0.6
4.63	0.59
4.66	0.61
4.68	0.63
4.71	0.64
4.73	0.65
4.76	0.63
4.78	0.62
4.81	0.59
4.83	0.63
4.85	0.6
4.88	0.62
4.9	0.58
4.93	0.6
4.95	0.53
4.98	0.62
5	0.57
5.03	0.64
5.05	0.57
5.07	0.61
5.1	0.55
5.12	0.67
5.15	0.59
5.17	0.64
5.2	0.53
5.22	0.62
5.25	0.61
5.27	0.68
5.29	0.61
5.32	0.66
5.34	0.6
5.37	0.71
5.39	0.63
5.42	0.64
5.44	0.57
5.47	0.63
5.49	0.57
5.51	0.63
5.54	0.57
5.56	0.61
5.59	0.55
5.61	0.59
5.64	0.56
5.66	0.61
5.68	0.56
5.71	0.55
5.73	0.51
5.76	0.56
5.78	0.51
5.81	0.51
5.83	0.47
5.86	0.48
5.88	0.48
5.9	0.51
5.93	0.51
5.95	0.57
5.98	0.56
6	0.57
6.03	0.59
6.05	0.57
6.08	0.54
6.1	0.54
6.12	0.53
6.15	0.56
6.17	0.57
6.2	0.56
6.22	0.61
6.25	0.65
6.27	0.68
6.3	0.7
6.32	0.68
6.34	0.65
6.37	0.68
6.39	0.69
6.42	0.71
6.44	0.67
6.47	0.66
6.49	0.62
6.52	0.69
6.54	0.63
6.56	0.64
6.59	0.59
6.61	0.63
6.64	0.6
6.66	0.67
6.69	0.61
6.71	0.66
6.73	0.57
6.76	0.61
6.78	0.54
6.81	0.63
6.83	0.57
6.86	0.63
6.88	0.57
6.91	0.66
6.93	0.63
6.95	0.69
6.98	0.56
7	0.6
7.03	0.55
7.05	0.62
7.08	0.54
7.1	0.58
7.13	0.51
7.15	0.59
7.17	0.58
7.2	0.62
7.22	0.55
7.25	0.6
7.27	0.56
7.3	0.62
7.32	0.62
7.35	0.63
7.37	0.63
7.39	0.66
7.42	0.63
7.44	0.64
7.47	0.64
7.49	0.67
7.52	0.65
7.54	0.63
7.57	0.64
7.59	0.65
7.61	0.68
7.64	0.69
7.66	0.67
7.69	0.69
7.71	0.66
7.74	0.66
7.76	0.67
7.78	0.66
7.81	0.63
7.83	0.65
7.86	0.62
7.88	0.64
7.91	0.63
7.93	0.61
7.96	0.63
7.98	0.63
8	0.58
8.03	0.58
8.05	0.57
8.08	0.57
8.1	0.63
8.13	0.58
8.15	0.6
8.18	0.6
8.2	0.63
8.22	0.64
8.25	0.68
8.27	0.58
8.3	0.63
8.32	0.57
8.35	0.62
8.37	0.57
8.4	0.62
8.42	0.52
8.44	0.59
8.47	0.53
8.49	0.65
8.52	0.59
8.54	0.64
8.57	0.58
8.59	0.67
8.62	0.65
8.64	0.71
8.66	0.59
8.69	0.65
8.71	0.6
8.74	0.66
8.76	0.62
8.79	0.65
8.81	0.58
8.84	0.68
8.86	0.66
8.88	0.71
8.91	0.69
8.93	0.68
8.96	0.66
8.98	0.69
9.01	0.66
9.03	0.71
9.05	0.64
9.08	0.63
9.1	0.61
9.13	0.61
9.15	0.6
9.18	0.58
9.2	0.55
9.23	0.6
9.25	0.61
9.27	0.65
9.3	0.67
9.32	0.68
9.35	0.7
9.37	0.69
9.4	0.66
9.42	0.67
9.45	0.66
9.47	0.62
9.49	0.63
9.52	0.61
9.54	0.6
9.57	0.64
9.59	0.63
9.62	0.62
9.64	0.64
9.67	0.63
9.69	0.66
9.71	0.65
9.74	0.66
9.76	0.67
9.79	0.69
9.81	0.67
9.84	0.68
9.86	0.63
9.89	0.68
9.91	0.65
9.93	0.68
9.96	0.62
9.98	0.64
10.01	0.59
10.03	0.73
10.06	0.68
10.08	0.74
10.1	0.66
10.13	0.74
10.15	0.71
10.18	0.81
10.2	0.69
10.23	0.74
10.25	0.66
10.28	0.78
10.3	0.74
10.32	0.79
10.35	0.72
10.37	0.8
10.4	0.74
10.42	0.84
10.45	0.75
10.47	0.79
10.5	0.76
10.52	0.77
10.54	0.72
10.57	0.78
10.59	0.72
10.62	0.74
10.64	0.71
10.67	0.71
10.69	0.74
10.72	0.77
10.74	0.71
10.76	0.76
10.79	0.73
10.81	0.75
10.84	0.75
10.86	0.74
10.89	0.73
10.91	0.76
10.94	0.72
10.96	0.73
10.98	0.72
11.01	0.71
11.03	0.72
11.06	0.7
11.08	0.69
11.11	0.69
11.13	0.69
11.15	0.73
11.18	0.75
11.2	0.76
11.23	0.77
11.25	0.75
11.28	0.77
11.3	0.76
11.33	0.75
11.35	0.74
11.37	0.73
11.4	0.72
11.42	0.78
11.45	0.77
11.47	0.8
11.5	0.79
11.52	0.83
11.55	0.79
11.57	0.84
11.59	0.8
11.62	0.84
11.64	0.77
11.67	0.8
11.69	0.71
11.72	0.81
11.74	0.76
11.77	0.85
11.79	0.75
11.81	0.85
11.84	0.81
11.86	0.89
11.89	0.83
11.91	0.88
11.94	0.8
11.96	0.92
11.99	0.83
12.01	0.9
12.03	0.83
12.06	0.86
12.08	0.81
12.11	0.87
12.13	0.81
12.16	0.87
12.18	0.81
12.21	0.84
12.23	0.84
12.25	0.88
12.28	0.83
12.3	0.81
12.33	0.77
12.35	0.8
12.38	0.8
12.4	0.82
12.42	0.81
12.45	0.82
12.47	0.82
12.5	0.84
12.52	0.83
12.55	0.86
12.57	0.82
12.6	0.8
12.62	0.84
12.64	0.86
12.67	0.88
12.69	0.9
12.72	0.87
12.74	0.89
12.77	0.91
12.79	0.9
12.82	0.89
12.84	0.87
12.86	0.86
12.89	0.89
12.91	0.88
12.94	0.87
12.96	0.89
12.99	0.91
13.01	0.97
13.04	0.95
13.06	0.94
13.08	0.92
13.11	0.96
13.13	0.94
13.16	0.97
13.18	0.89
13.21	0.92
13.23	0.88
13.26	0.94
13.28	0.9
13.3	0.95
13.33	0.87
13.35	0.96
13.38	0.91
13.4	1.03
13.43	0.97
13.45	1.01
13.47	0.94
13.5	1.02
13.52	0.97
13.55	1.03
13.57	0.94
13.6	0.99
13.62	0.97
13.65	1.06
13.67	1
13.69	1.04
13.72	0.98
13.74	1.04
13.77	0.99
13.79	1.02
13.82	0.95
13.84	0.98
13.87	0.95
13.89	0.99
13.91	0.97
13.94	1.02
13.96	1
13.99	1.03
14.01	1.01
14.04	1.02
14.06	1.02
14.09	1.08
14.11	1.08
14.13	1.1
14.16	1.09
14.18	1.09
14.21	1.1
14.23	1.09
14.26	1.01
14.28	0.98
14.31	0.94
14.33	0.92
14.35	0.95
14.38	0.96
14.4	0.96
14.43	0.99
14.45	0.99
14.48	0.99
14.5	0.99
14.52	0.98
14.55	0.98
14.57	0.97
14.6	0.97
14.62	0.96
14.65	0.94
14.67	0.96
14.7	1.01
14.72	0.95
14.74	0.96
14.77	0.95
14.79	0.98
14.82	1.02
14.84	1.04
14.87	0.99
14.89	1.04
14.92	1.02
14.94	1.08
14.96	1.05
14.99	1.09
15.01	1.01
15.04	1.03
15.06	0.98
15.09	1.09
15.11	1.03
15.14	1.07
15.16	1.02
15.18	1.09
15.21	1.08
15.23	1.14
15.26	1.02
15.28	1.08
15.31	1.04
15.33	1.1
15.36	1.05
15.38	1.05
15.4	0.98
15.43	1.05
15.45	1.01
15.48	1.05
15.5	1
15.53	1.03
15.55	1.03
15.57	1.07
15.6	1.05
15.62	1.09
15.65	1.06
15.67	1.07
15.7	1.03
15.72	1.06
15.75	1.07
15.77	1.08
15.79	1.06
15.82	1.08
15.84	1.1
15.87	1.11
15.89	1.13
15.92	1.13
15.94	1.14
15.97	1.12
15.99	1.09
16.01	1.09
16.04	1.1
16.06	1.09
16.09	1.08
16.11	1.08
16.14	1.11
16.16	1.13
16.19	1.11
16.21	1.1
16.23	1.1
16.26	1.09
16.28	1.11
16.31	1.05
16.33	1.06
16.36	1.08
16.38	1.13
16.41	1.1
16.43	1.11
16.45	1.07
16.48	1.14
16.5	1.12
16.53	1.16
16.55	1.12
16.58	1.15
16.6	1.09
16.63	1.16
16.65	1.14
16.67	1.21
16.7	1.11
16.72	1.15
16.75	1.11
16.77	1.21
16.8	1.15
16.82	1.19
16.84	1.13
16.87	1.23
16.89	1.21
16.92	1.26
16.94	1.17
16.97	1.23
16.99	1.17
17.02	1.25
17.04	1.17
17.06	1.2
17.09	1.16
17.11	1.2
17.14	1.19
17.16	1.25
17.19	1.2
17.21	1.25
17.24	1.21
17.26	1.26
17.28	1.29
17.31	1.32
17.33	1.27
17.36	1.29
17.38	1.27
17.41	1.31
17.43	1.31
17.46	1.31
17.48	1.3
17.5	1.33
17.53	1.32
17.55	1.36
17.58	1.36
17.6	1.37
17.63	1.37
17.65	1.35
17.68	1.34
17.7	1.36
17.72	1.34
17.75	1.35
17.77	1.33
17.8	1.34
17.82	1.35
17.85	1.37
17.87	1.37
17.89	1.36
17.92	1.37
17.94	1.38
17.97	1.34
17.99	1.33
18.02	1.36
18.04	1.37
18.07	1.41
18.09	1.39
18.11	1.41
18.14	1.41
18.16	1.46
18.19	1.43
18.21	1.46
18.24	1.4
18.26	1.42
18.29	1.39
18.31	1.48
18.33	1.45
18.36	1.49
18.38	1.42
18.41	1.49
18.43	1.47
18.46	1.52
18.48	1.44
18.51	1.45
18.53	1.4
18.55	1.5
18.58	1.47
18.6	1.52
18.63	1.47
18.65	1.53
18.68	1.52
18.7	1.57
18.73	1.52
18.75	1.58
18.77	1.55
18.8	1.61
18.82	1.58
18.85	1.62
18.87	1.6
18.9	1.61
18.92	1.55
18.94	1.57
18.97	1.54
18.99	1.58
19.02	1.58
19.04	1.57
19.07	1.56
19.09	1.59
19.12	1.58
19.14	1.6
19.16	1.58
19.19	1.55
19.21	1.54
19.24	1.54
19.26	1.52
19.29	1.52
19.31	1.53
19.34	1.51
19.36	1.51
19.38	1.53
19.41	1.53
19.43	1.54
19.46	1.55
19.48	1.56
19.51	1.58
19.53	1.57
19.56	1.57
19.58	1.56
19.6	1.58
19.63	1.56
19.65	1.55
19.68	1.52
19.7	1.55
19.73	1.56
19.75	1.62
19.78	1.59
19.8	1.61
19.82	1.59
19.85	1.63
19.87	1.63
19.9	1.65
19.92	1.57
19.95	1.59
19.97	1.51
19.99	1.57
20.02	1.55
20.04	1.58
20.07	1.5
20.09	1.57
20.12	1.54
20.14	1.64
20.17	1.57
20.19	1.58
20.21	1.55
20.24	1.65
20.26	1.61
20.29	1.65
20.31	1.58
20.34	1.63
20.36	1.61
20.39	1.64
20.41	1.59
20.43	1.6
20.46	1.57
20.48	1.64
20.51	1.63
20.53	1.68
20.56	1.63
20.58	1.61
20.61	1.61
20.63	1.64
20.65	1.59
20.68	1.6
20.7	1.54
20.73	1.55
20.75	1.55
20.78	1.55
20.8	1.54
20.83	1.55
20.85	1.54
20.87	1.58
20.9	1.58
20.92	1.58
20.95	1.62
20.97	1.64
21	1.63
21.02	1.65
21.05	1.65
21.07	1.67
21.09	1.67
21.12	1.63
21.14	1.63
21.17	1.65
21.19	1.65
21.22	1.66
21.24	1.66
21.26	1.68
21.29	1.72
21.31	1.69
21.34	1.69
21.36	1.67
21.39	1.68
21.41	1.7
21.44	1.69
21.46	1.65
21.48	1.67
21.51	1.64
21.53	1.7
21.56	1.65
21.58	1.68
21.61	1.65
21.63	1.69
21.66	1.65
21.68	1.78
21.7	1.72
21.73	1.79
21.75	1.73
21.78	1.81
21.8	1.8
21.83	1.9
21.85	1.79
21.88	1.85
21.9	1.79
21.92	1.87
21.95	1.84
21.97	1.89
22	1.83
22.02	1.91
22.05	1.86
22.07	1.96
22.1	1.91
22.12	1.91
22.14	1.88
22.17	1.87
22.19	1.86
22.22	1.92
22.24	1.87
22.27	1.9
22.29	1.89
22.31	1.92
22.34	1.98
22.36	1.99
22.39	1.99
22.41	2.06
22.44	2.06
22.46	2.08
22.49	2.1
22.51	2.09
22.53	2.09
22.56	2.1
22.58	2.06
22.61	2.08
22.63	2.12
22.66	2.13
22.68	2.17
22.71	2.17
22.73	2.2
22.75	2.22
22.78	2.2
22.8	2.23
22.83	2.23
22.85	2.22
22.88	2.25
22.9	2.21
22.93	2.21
22.95	2.23
22.97	2.23
23	2.23
23.02	2.23
23.05	2.21
23.07	2.27
23.1	2.26
23.12	2.3
23.15	2.28
23.17	2.28
23.19	2.28
23.22	2.32
23.24	2.29
23.27	2.36
23.29	2.28
23.32	2.31
23.34	2.29
23.36	2.34
23.39	2.29
23.41	2.34
23.44	2.23
23.46	2.31
23.49	2.28
23.51	2.33
23.54	2.28
23.56	2.32
23.58	2.28
23.61	2.38
23.63	2.31
23.66	2.35
23.68	2.3
23.71	2.36
23.73	2.34
23.76	2.37
23.78	2.32
23.8	2.37
23.83	2.34
23.85	2.38
23.88	2.37
23.9	2.4
23.93	2.38
23.95	2.39
23.98	2.35
24	2.39
24.02	2.36
24.05	2.36
24.07	2.35
24.1	2.31
24.12	2.29
24.15	2.31
24.17	2.28
24.2	2.29
24.22	2.26
24.24	2.23
24.27	2.26
24.29	2.27
24.32	2.27
24.34	2.28
24.37	2.25
24.39	2.25
24.42	2.25
24.44	2.22
24.46	2.2
24.49	2.18
24.51	2.15
24.54	2.18
24.56	2.17
24.59	2.16
24.61	2.21
24.63	2.19
24.66	2.21
24.68	2.22
24.71	2.2
24.73	2.19
24.76	2.22
24.78	2.17
24.81	2.22
24.83	2.17
24.85	2.18
24.88	2.13
24.9	2.17
24.93	2.15
24.95	2.19
24.98	2.12
25	2.17
25.03	2.11
25.05	2.18
25.07	2.13
25.1	2.1
25.12	2.06
25.15	2.13
25.17	2.09
25.2	2.17
25.22	2.1
25.25	2.11
25.27	2.13
25.29	2.19
25.32	2.14
25.34	2.2
25.37	2.13
25.39	2.21
25.42	2.18
25.44	2.2
25.47	2.16
25.49	2.19
25.51	2.14
25.54	2.18
25.56	2.16
25.59	2.2
25.61	2.18
25.64	2.17
25.66	2.13
25.68	2.17
25.71	2.15
25.73	2.19
25.76	2.17
25.78	2.19
25.81	2.2
25.83	2.22
25.86	2.2
25.88	2.22
25.9	2.18
25.93	2.21
25.95	2.21
25.98	2.2
26	2.26
26.03	2.28
26.05	2.28
26.08	2.33
26.1	2.33
26.12	2.34
26.15	2.37
26.17	2.35
26.2	2.38
26.22	2.4
26.25	2.39
26.27	2.4
26.3	2.42
26.32	2.46
26.34	2.52
26.37	2.49
26.39	2.53
26.42	2.52
26.44	2.56
26.47	2.58
26.49	2.61
26.52	2.57
26.54	2.63
26.56	2.57
26.59	2.66
26.61	2.62
26.64	2.65
26.66	2.58
26.69	2.62
26.71	2.59
26.73	2.74
26.76	2.66
26.78	2.72
26.81	2.7
26.83	2.8
26.86	2.81
26.88	2.88
26.91	2.78
26.93	2.88
26.95	2.87
26.98	2.95
27	2.91
27.03	2.95
27.05	2.9
27.08	2.98
27.1	2.95
27.13	3.01
27.15	2.98
27.17	3.02
27.2	3.03
27.22	3.08
27.25	3.1
27.27	3.17
27.3	3.15
27.32	3.18
27.35	3.18
27.37	3.22
27.39	3.26
27.42	3.29
27.44	3.28
27.47	3.33
27.49	3.35
27.52	3.4
27.54	3.42
27.57	3.44
27.59	3.44
27.61	3.46
27.64	3.46
27.66	3.48
27.69	3.51
27.71	3.51
27.74	3.52
27.76	3.52
27.78	3.53
27.81	3.54
27.83	3.51
27.86	3.49
27.88	3.5
27.91	3.47
27.93	3.48
27.96	3.47
27.98	3.49
28	3.5
28.03	3.54
28.05	3.52
28.08	3.53
28.1	3.5
28.13	3.54
28.15	3.51
28.18	3.55
28.2	3.51
28.22	3.53
28.25	3.51
28.27	3.59
28.3	3.55
28.32	3.62
28.35	3.52
28.37	3.56
28.4	3.49
28.42	3.57
28.44	3.48
28.47	3.54
28.49	3.45
28.52	3.5
28.54	3.47
28.57	3.52
28.59	3.42
28.62	3.48
28.64	3.4
28.66	3.48
28.69	3.42
28.71	3.44
28.74	3.36
28.76	3.4
28.79	3.36
28.81	3.39
28.84	3.33
28.86	3.36
28.88	3.3
28.91	3.34
28.93	3.34
28.96	3.36
28.98	3.33
29.01	3.31
29.03	3.27
29.05	3.3
29.08	3.25
29.1	3.23
29.13	3.19
29.15	3.18
29.18	3.17
29.2	3.19
29.23	3.17
29.25	3.17
29.27	3.17
29.3	3.14
29.32	3.13
29.35	3.13
29.37	3.09
29.4	3.08
29.42	3.06
29.45	3.06
29.47	3.05
29.49	3.02
29.52	3.01
29.54	3
29.57	3.01
29.59	3
29.62	2.95
29.64	2.91
29.67	2.94
29.69	2.93
29.71	2.95
29.74	2.94
29.76	2.93
29.79	2.91
29.81	2.95
29.84	2.9
29.86	2.92
29.89	2.86
29.91	2.88
29.93	2.84
29.96	2.95
29.98	2.92
30.01	2.97
30.03	2.91
30.06	2.99
30.08	2.94
30.1	3
30.13	2.91
30.15	2.93
30.18	2.88
30.2	2.96
30.23	2.91
30.25	2.97
30.28	2.9
30.3	2.96
30.32	2.94
30.35	2.98
30.37	2.95
30.4	3.03
30.42	2.98
30.45	3.07
30.47	3.05
30.5	3.1
30.52	3.1
30.54	3.1
30.57	3.05
30.59	3.09
30.62	3.08
30.64	3.11
30.67	3.09
30.69	3.1
30.72	3.1
30.74	3.14
30.76	3.16
30.79	3.19
30.81	3.21
30.84	3.24
30.86	3.28
30.89	3.3
30.91	3.34
30.94	3.38
30.96	3.4
30.98	3.43
31.01	3.45
31.03	3.46
31.06	3.5
31.08	3.5
31.11	3.51
31.13	3.57
31.15	3.6
31.18	3.65
31.2	3.69
31.23	3.71
31.25	3.78
31.28	3.81
31.3	3.82
31.33	3.82
31.35	3.85
31.37	3.89
31.4	3.97
31.42	3.97
31.45	4.01
31.47	4
31.5	4.07
31.52	4.11
31.55	4.17
31.57	4.13
31.59	4.21
31.62	4.17
31.64	4.31
31.67	4.29
31.69	4.36
31.72	4.32
31.74	4.41
31.77	4.39
31.79	4.51
31.81	4.42
31.84	4.5
31.86	4.49
31.89	4.6
31.91	4.61
31.94	4.68
31.96	4.66
31.99	4.76
32.01	4.74
32.03	4.81
32.06	4.78
32.08	4.82
32.11	4.82
32.13	4.88
32.16	4.88
32.18	4.94
32.2	4.93
32.23	4.96
32.25	4.97
32.28	5
32.3	5.02
32.33	5.08
32.35	5.09
32.38	5.14
32.4	5.16
32.42	5.19
32.45	5.21
32.47	5.22
32.5	5.21
32.52	5.23
32.55	5.21
32.57	5.22
32.6	5.25
32.62	5.27
32.64	5.27
32.67	5.28
32.69	5.29
32.72	5.32
32.74	5.32
32.77	5.29
32.79	5.29
32.82	5.27
32.84	5.29
32.86	5.27
32.89	5.25
32.91	5.26
32.94	5.28
32.96	5.24
32.99	5.25
33.01	5.2
33.04	5.21
33.06	5.2
33.08	5.19
33.11	5.11
33.13	5.12
33.16	5.07
33.18	5.09
33.21	5.03
33.23	5.05
33.26	4.95
33.28	4.96
33.3	4.89
33.33	4.95
33.35	4.89
33.38	4.92
33.4	4.8
33.43	4.85
33.45	4.81
33.47	4.85
33.5	4.75
33.52	4.77
33.55	4.69
33.57	4.75
33.6	4.7
33.62	4.71
33.65	4.61
33.67	4.62
33.69	4.55
33.72	4.59
33.74	4.52
33.77	4.5
33.79	4.44
33.82	4.46
33.84	4.42
33.87	4.43
33.89	4.37
33.91	4.34
33.94	4.28
33.96	4.3
33.99	4.28
34.01	4.3
34.04	4.24
34.06	4.24
34.09	4.22
34.11	4.23
34.13	4.18
34.16	4.14
34.18	4.11
34.21	4.1
34.23	4.04
34.26	4.03
34.28	4
34.31	4
34.33	4.02
34.35	3.97
34.38	3.96
34.4	3.95
34.43	3.93
34.45	3.93
34.48	3.92
34.5	3.92
34.52	3.94
34.55	3.93
34.57	3.95
34.6	3.96
34.62	3.96
34.65	3.93
34.67	3.92
34.7	3.88
34.72	3.92
34.74	3.9
34.77	3.92
34.79	3.9
34.82	3.91
34.84	3.86
34.87	3.9
34.89	3.87
34.92	3.9
34.94	3.83
34.96	3.85
34.99	3.81
35.01	3.9
35.04	3.88
35.06	3.95
35.09	3.88
35.11	3.98
35.14	3.97
35.16	4.06
35.18	4.02
35.21	4.05
35.23	4
35.26	4.12
35.28	4.07
35.31	4.12
35.33	4.09
35.36	4.17
35.38	4.17
35.4	4.23
35.43	4.19
35.45	4.25
35.48	4.25
35.5	4.29
35.53	4.33
35.55	4.39
35.57	4.39
35.6	4.43
35.62	4.43
35.65	4.49
35.67	4.53
35.7	4.57
35.72	4.59
35.75	4.65
35.77	4.69
35.79	4.76
35.82	4.8
35.84	4.84
35.87	4.84
35.89	4.88
35.92	4.93
35.94	4.97
35.97	5.01
35.99	5.08
36.01	5.12
36.04	5.19
36.06	5.26
36.09	5.3
36.11	5.35
36.14	5.38
36.16	5.41
36.19	5.5
36.21	5.54
36.23	5.58
36.26	5.65
36.28	5.73
36.31	5.82
36.33	5.84
36.36	5.87
36.38	5.9
36.41	5.97
36.43	6.01
36.45	6.09
36.48	6.09
36.5	6.19
36.53	6.24
36.55	6.36
36.58	6.37
36.6	6.49
36.62	6.45
36.65	6.54
36.67	6.55
36.7	6.66
36.72	6.65
36.75	6.73
36.77	6.68
36.8	6.81
36.82	6.83
36.84	6.93
36.87	6.88
36.89	6.98
36.92	6.99
36.94	7.12
36.97	7.08
36.99	7.17
37.02	7.12
37.04	7.2
37.06	7.19
37.09	7.27
37.11	7.23
37.14	7.31
37.16	7.26
37.19	7.35
37.21	7.38
37.24	7.42
37.26	7.39
37.28	7.41
37.31	7.38
37.33	7.43
37.36	7.41
37.38	7.44
37.41	7.43
37.43	7.45
37.46	7.46
37.48	7.47
37.5	7.44
37.53	7.46
37.55	7.43
37.58	7.39
37.6	7.36
37.63	7.34
37.65	7.33
37.68	7.31
37.7	7.27
37.72	7.27
37.75	7.25
37.77	7.25
37.8	7.22
37.82	7.18
37.85	7.17
37.87	7.16
37.89	7.09
37.92	7.06
37.94	7.01
37.97	6.95
37.99	6.95
38.02	6.89
38.04	6.85
38.07	6.8
38.09	6.78
38.11	6.77
38.14	6.78
38.16	6.69
38.19	6.66
38.21	6.55
38.24	6.53
38.26	6.47
38.29	6.44
38.31	6.33
38.33	6.32
38.36	6.22
38.38	6.29
38.41	6.22
38.43	6.19
38.46	6.11
38.48	6.14
38.51	6.05
38.53	6.09
38.55	5.96
38.58	5.93
38.6	5.88
38.63	5.87
38.65	5.78
38.68	5.79
38.7	5.66
38.73	5.69
38.75	5.61
38.77	5.61
38.8	5.56
38.82	5.55
38.85	5.52
38.87	5.52
38.9	5.45
38.92	5.48
38.94	5.39
38.97	5.35
38.99	5.28
39.02	5.25
39.04	5.24
39.07	5.24
39.09	5.19
39.12	5.19
39.14	5.16
39.16	5.17
39.19	5.16
39.21	5.12
39.24	5.09
39.26	5.06
39.29	5.04
39.31	5.03
39.34	5.03
39.36	5
39.38	5
39.41	4.99
39.43	5
39.46	5
39.48	5.01
39.51	5.03
39.53	5.02
39.56	5.02
39.58	5.07
39.6	5.06
39.63	5.1
39.65	5.11
39.68	5.09
39.7	5.09
39.73	5.1
39.75	5.07
39.78	5.13
39.8	5.11
39.82	5.14
39.85	5.15
39.87	5.2
39.9	5.18
39.92	5.29
39.95	5.27
39.97	5.36
39.99	5.33
40.02	5.39
40.04	5.37
40.07	5.5
40.09	5.44
40.12	5.52
40.14	5.49
40.17	5.6
40.19	5.61
40.21	5.69
40.24	5.65
40.26	5.74
40.29	5.74
40.31	5.89
40.34	5.87
40.36	5.96
40.39	6
40.41	6.09
40.43	6.11
40.46	6.22
40.48	6.18
40.51	6.28
40.53	6.29
40.56	6.34
40.58	6.42
40.61	6.53
40.63	6.54
40.65	6.65
40.68	6.68
40.7	6.77
40.73	6.85
40.75	6.91
40.78	6.95
40.8	7.05
40.83	7.11
40.85	7.21
40.87	7.26
40.9	7.35
40.92	7.42
40.95	7.51
40.97	7.6
41	7.65
41.02	7.74
41.05	7.88
41.07	7.94
41.09	8.03
41.12	8.1
41.14	8.16
41.17	8.24
41.19	8.3
41.22	8.36
41.24	8.41
41.26	8.46
41.29	8.53
41.31	8.65
41.34	8.75
41.36	8.85
41.39	8.87
41.41	8.96
41.44	9
41.46	9.11
41.48	9.14
41.51	9.23
41.53	9.25
41.56	9.33
41.58	9.4
41.61	9.52
41.63	9.52
41.66	9.64
41.68	9.61
41.7	9.71
41.73	9.73
41.75	9.82
41.78	9.84
41.8	9.93
41.83	9.9
41.85	10.03
41.88	10.03
41.9	10.09
41.92	10.07
41.95	10.11
41.97	10.1
42	10.18
42.02	10.12
42.05	10.2
42.07	10.16
42.1	10.2
42.12	10.19
42.14	10.23
42.17	10.2
42.19	10.22
42.22	10.17
42.24	10.21
42.27	10.21
42.29	10.22
42.31	10.2
42.34	10.16
42.36	10.14
42.39	10.15
42.41	10.11
42.44	10.1
42.46	10.05
42.49	10.01
42.51	10.03
42.53	10.01
42.56	9.96
42.58	9.94
42.61	9.9
42.63	9.84
42.66	9.79
42.68	9.71
42.71	9.65
42.73	9.56
42.75	9.49
42.78	9.43
42.8	9.36
42.83	9.29
42.85	9.23
42.88	9.16
42.9	9.14
42.93	9.1
42.95	9.01
42.97	8.97
43	8.94
43.02	8.85
43.05	8.84
43.07	8.73
43.1	8.64
43.12	8.57
43.15	8.53
43.17	8.45
43.19	8.42
43.22	8.29
43.24	8.29
43.27	8.17
43.29	8.18
43.32	8.1
43.34	8.07
43.36	7.93
43.39	7.89
43.41	7.75
43.44	7.78
43.46	7.62
43.49	7.56
43.51	7.43
43.54	7.45
43.56	7.36
43.58	7.35
43.61	7.23
43.63	7.24
43.66	7.18
43.68	7.19
43.71	7.1
43.73	7.09
43.76	6.99
43.78	7.02
43.8	6.95
43.83	6.94
43.85	6.88
43.88	6.85
43.9	6.81
43.93	6.84
43.95	6.79
43.98	6.8
44	6.74
44.02	6.71
44.05	6.7
44.07	6.69
44.1	6.65
44.12	6.63
44.15	6.59
44.17	6.57
44.2	6.54
44.22	6.52
44.24	6.51
44.27	6.52
44.29	6.52
44.32	6.53
44.34	6.52
44.37	6.55
44.39	6.57
44.41	6.59
44.44	6.59
44.46	6.62
44.49	6.62
44.51	6.68
44.54	6.71
44.56	6.71
44.59	6.74
44.61	6.78
44.63	6.81
44.66	6.82
44.68	6.85
44.71	6.9
44.73	6.96
44.76	6.98
44.78	7.02
44.81	7.02
44.83	7.13
44.85	7.17
44.88	7.21
44.9	7.23
44.93	7.3
44.95	7.29
44.98	7.43
45	7.44
45.03	7.53
45.05	7.53
45.07	7.64
45.1	7.68
45.12	7.85
45.15	7.84
45.17	7.95
45.2	7.97
45.22	8.12
45.25	8.18
45.27	8.33
45.29	8.33
45.32	8.44
45.34	8.47
45.37	8.63
45.39	8.64
45.42	8.74
45.44	8.76
45.47	8.89
45.49	8.97
45.51	9.11
45.54	9.16
45.56	9.26
45.59	9.33
45.61	9.44
45.64	9.54
45.66	9.65
45.68	9.68
45.71	9.77
45.73	9.86
45.76	9.96
45.78	10.06
45.81	10.15
45.83	10.24
45.86	10.37
45.88	10.48
45.9	10.59
45.93	10.69
45.95	10.79
45.98	10.9
46	11
46.03	11.08
46.05	11.16
46.08	11.26
46.1	11.4
46.12	11.49
46.15	11.6
46.17	11.71
46.2	11.82
46.22	11.94
46.25	12.07
46.27	12.15
46.3	12.24
46.32	12.33
46.34	12.4
46.37	12.5
46.39	12.55
46.42	12.62
46.44	12.66
46.47	12.73
46.49	12.74
46.52	12.85
46.54	12.91
46.56	13.02
46.59	13.06
46.61	13.14
46.64	13.16
46.66	13.3
46.69	13.3
46.71	13.41
46.73	13.38
46.76	13.46
46.78	13.43
46.81	13.57
46.83	13.54
46.86	13.62
46.88	13.57
46.91	13.67
46.93	13.66
46.95	13.73
46.98	13.65
47	13.69
47.03	13.63
47.05	13.68
47.08	13.61
47.1	13.64
47.13	13.57
47.15	13.58
47.17	13.53
47.2	13.54
47.22	13.48
47.25	13.48
47.27	13.39
47.3	13.39
47.32	13.35
47.35	13.33
47.37	13.27
47.39	13.22
47.42	13.15
47.44	13.16
47.47	13.1
47.49	13.07
47.52	13
47.54	12.95
47.57	12.91
47.59	12.84
47.61	12.73
47.64	12.67
47.66	12.58
47.69	12.47
47.71	12.37
47.74	12.26
47.76	12.17
47.78	12.06
47.81	11.96
47.83	11.87
47.86	11.79
47.88	11.69
47.91	11.61
47.93	11.52
47.96	11.45
47.98	11.35
48	11.24
48.03	11.15
48.05	11.07
48.08	10.96
48.1	10.9
48.13	10.79
48.15	10.7
48.18	10.63
48.2	10.56
48.22	10.47
48.25	10.41
48.27	10.25
48.3	10.2
48.32	10.07
48.35	10
48.37	9.9
48.4	9.85
48.42	9.69
48.44	9.68
48.47	9.56
48.49	9.57
48.52	9.45
48.54	9.42
48.57	9.31
48.59	9.34
48.62	9.24
48.64	9.24
48.66	9.1
48.69	9.1
48.71	9.01
48.74	9.02
48.76	8.91
48.79	8.95
48.81	8.85
48.84	8.92
48.86	8.84
48.88	8.83
48.91	8.75
48.93	8.78
48.96	8.71
48.98	8.76
49.01	8.65
49.03	8.72
49.05	8.67
49.08	8.74
49.1	8.68
49.13	8.71
49.15	8.67
49.18	8.74
49.2	8.68
49.23	8.77
49.25	8.73
49.27	8.76
49.3	8.76
49.32	8.8
49.35	8.8
49.37	8.86
49.4	8.84
49.42	8.91
49.45	8.92
49.47	8.98
49.49	9.04
49.52	9.07
49.54	9.1
49.57	9.18
49.59	9.22
49.62	9.29
49.64	9.35
49.67	9.4
49.69	9.48
49.71	9.54
49.74	9.6
49.76	9.69
49.79	9.76
49.81	9.84
49.84	9.91
49.86	9.99
49.89	10.06
49.91	10.15
49.93	10.2
49.96	10.31
49.98	10.39
50.01	10.47
50.03	10.58
50.06	10.67
50.08	10.78
50.1	10.9
50.13	11
50.15	11.08
50.18	11.16
50.2	11.21
50.23	11.35
50.25	11.42
50.28	11.55
50.3	11.6
50.32	11.72
50.35	11.82
50.37	12.01
50.4	12.08
50.42	12.28
50.45	12.3
50.47	12.47
50.5	12.58
50.52	12.8
50.54	12.86
50.57	13.03
50.59	13.07
50.62	13.29
50.64	13.38
50.67	13.52
50.69	13.54
50.72	13.71
50.74	13.79
50.76	13.99
50.79	14.05
50.81	14.2
50.84	14.29
50.86	14.47
50.89	14.57
50.91	14.7
50.94	14.76
50.96	14.93
50.98	15.01
51.01	15.16
51.03	15.3
51.06	15.45
51.08	15.56
51.11	15.69
51.13	15.78
51.15	15.94
51.18	16.05
51.2	16.16
51.23	16.27
51.25	16.38
51.28	16.48
51.3	16.6
51.33	16.69
51.35	16.78
51.37	16.85
51.4	16.93
51.42	17.02
51.45	17.11
51.47	17.16
51.5	17.24
51.52	17.29
51.55	17.37
51.57	17.42
51.59	17.48
51.62	17.51
51.64	17.53
51.67	17.57
51.69	17.6
51.72	17.61
51.74	17.61
51.77	17.64
51.79	17.65
51.81	17.71
51.84	17.71
51.86	17.71
51.89	17.68
51.91	17.73
51.94	17.7
51.96	17.74
51.99	17.67
52.01	17.66
52.03	17.62
52.06	17.65
52.08	17.6
52.11	17.62
52.13	17.48
52.16	17.48
52.18	17.36
52.2	17.36
52.23	17.25
52.25	17.18
52.28	17.05
52.3	17.04
52.33	16.94
52.35	16.93
52.38	16.76
52.4	16.71
52.42	16.61
52.45	16.57
52.47	16.42
52.5	16.37
52.52	16.23
52.55	16.19
52.57	16.09
52.6	16.02
52.62	15.89
52.64	15.82
52.67	15.68
52.69	15.64
52.72	15.54
52.74	15.44
52.77	15.32
52.79	15.2
52.82	15.08
52.84	15
52.86	14.85
52.89	14.73
52.91	14.57
52.94	14.43
52.96	14.33
52.99	14.2
53.01	14.07
53.04	13.96
53.06	13.88
53.08	13.77
53.11	13.65
53.13	13.55
53.16	13.45
53.18	13.34
53.21	13.21
53.23	13.1
53.26	13.02
53.28	12.92
53.3	12.81
53.33	12.69
53.35	12.6
53.38	12.53
53.4	12.43
53.43	12.35
53.45	12.29
53.47	12.22
53.5	12.2
53.52	12.12
53.55	12.08
53.57	11.98
53.6	11.94
53.62	11.88
53.65	11.84
53.67	11.76
53.69	11.74
53.72	11.64
53.74	11.69
53.77	11.63
53.79	11.63
53.82	11.55
53.84	11.58
53.87	11.5
53.89	11.6
53.91	11.52
53.94	11.55
53.96	11.5
53.99	11.57
54.01	11.54
54.04	11.61
54.06	11.52
54.09	11.59
54.11	11.57
54.13	11.64
54.16	11.64
54.18	11.7
54.21	11.68
54.23	11.76
54.26	11.76
54.28	11.88
54.31	11.91
54.33	11.95
54.35	11.98
54.38	12.05
54.4	12.1
54.43	12.18
54.45	12.17
54.48	12.19
54.5	12.23
54.52	12.32
54.55	12.42
54.57	12.51
54.6	12.55
54.62	12.69
54.65	12.8
54.67	12.92
54.7	13.02
54.72	13.12
54.74	13.19
54.77	13.32
54.79	13.39
54.82	13.5
54.84	13.6
54.87	13.7
54.89	13.82
54.92	13.99
54.94	14.11
54.96	14.25
54.99	14.37
55.01	14.54
55.04	14.69
55.06	14.8
55.09	14.91
55.11	15.01
55.14	15.13
55.16	15.27
55.18	15.39
55.21	15.47
55.23	15.57
55.26	15.67
55.28	15.89
55.31	16.03
55.33	16.2
55.36	16.34
55.38	16.52
55.4	16.66
55.43	16.88
55.45	16.95
55.48	17.13
55.5	17.19
55.53	17.35
55.55	17.43
55.57	17.65
55.6	17.73
55.62	17.94
55.65	18.05
55.67	18.29
55.7	18.43
55.72	18.65
55.75	18.73
55.77	18.92
55.79	19.01
55.82	19.21
55.84	19.26
55.87	19.43
55.89	19.5
55.92	19.66
55.94	19.77
55.97	19.94
55.99	20.04
56.01	20.2
56.04	20.3
56.06	20.47
56.09	20.65
56.11	20.81
56.14	20.88
56.16	21
56.19	21.09
56.21	21.21
56.23	21.32
56.26	21.4
56.28	21.47
56.31	21.6
56.33	21.67
56.36	21.78
56.38	21.87
56.41	21.95
56.43	21.99
56.45	22.09
56.48	22.18
56.5	22.25
56.53	22.32
56.55	22.37
56.58	22.41
56.6	22.45
56.62	22.49
56.65	22.51
56.67	22.53
56.7	22.53
56.72	22.55
56.75	22.57
56.77	22.59
56.8	22.57
56.82	22.58
56.84	22.61
56.87	22.64
56.89	22.6
56.92	22.59
56.94	22.53
56.97	22.52
56.99	22.45
57.02	22.42
57.04	22.32
57.06	22.27
57.09	22.19
57.11	22.18
57.14	22.1
57.16	22.1
57.19	21.95
57.21	21.95
57.24	21.84
57.26	21.84
57.28	21.7
57.31	21.59
57.33	21.42
57.36	21.38
57.38	21.23
57.41	21.16
57.43	20.94
57.46	20.86
57.48	20.75
57.5	20.66
57.53	20.51
57.55	20.45
57.58	20.28
57.6	20.23
57.63	20.09
57.65	19.99
57.68	19.84
57.7	19.73
57.72	19.52
57.75	19.44
57.77	19.27
57.8	19.15
57.82	19
57.85	18.86
57.87	18.72
57.89	18.64
57.92	18.48
57.94	18.42
57.97	18.31
57.99	18.2
58.02	18.11
58.04	17.97
58.07	17.83
58.09	17.73
58.11	17.57
58.14	17.43
58.16	17.29
58.19	17.15
58.21	17.05
58.24	16.96
58.26	16.84
58.29	16.74
58.31	16.65
58.33	16.56
58.36	16.47
58.38	16.36
58.41	16.24
58.43	16.17
58.46	16.07
58.48	15.96
58.51	15.9
58.53	15.82
58.55	15.81
58.58	15.76
58.6	15.71
58.63	15.63
58.65	15.64
58.68	15.62
58.7	15.63
58.73	15.54
58.75	15.53
58.77	15.43
58.8	15.47
58.82	15.45
58.85	15.45
58.87	15.36
58.9	15.41
58.92	15.35
58.94	15.48
58.97	15.45
58.99	15.47
59.02	15.45
59.04	15.55
59.07	15.56
59.09	15.66
59.12	15.62
59.14	15.69
59.16	15.72
59.19	15.83
59.21	15.85
59.24	15.93
59.26	15.93
59.29	16.06
59.31	16.08
59.34	16.19
59.36	16.22
59.38	16.29
59.41	16.38
59.43	16.52
59.46	16.61
59.48	16.78
59.51	16.83
59.53	16.94
59.56	17.05
59.58	17.16
59.6	17.23
59.63	17.31
59.65	17.38
59.68	17.52
59.7	17.62
59.73	17.76
59.75	17.86
59.78	18
59.8	18.15
59.82	18.28
59.85	18.38
59.87	18.54
59.9	18.67
59.92	18.84
59.95	19
59.97	19.13
59.99	19.25
