U1	IA
0.02	0.41
0.04	0.39
0.07	0.57
0.09	0.6
0.12	0.84
0.14	0.64
0.17	0.79
0.19	0.69
0.21	0.94
0.24	0.74
0.26	0.96
0.29	0.68
0.31	0.88
0.34	0.72
0.36	0.93
0.39	0.68
0.41	0.83
0.43	0.56
0.46	0.81
0.48	0.62
0.51	0.78
0.53	0.58
0.56	0.72
0.58	0.57
0.61	0.83
0.63	0.61
0.65	0.73
0.68	0.57
0.7	0.68
0.73	0.58
0.75	0.72
0.78	0.54
0.8	0.63
0.83	0.52
0.85	0.65
0.87	0.6
0.9	0.7
0.92	0.61
0.95	0.64
0.97	0.55
1	0.66
1.02	0.59
1.05	0.64
1.07	0.59
1.09	0.62
1.12	0.57
1.14	0.67
1.17	0.59
1.19	0.66
1.22	0.59
1.24	0.62
1.26	0.6
1.29	0.61
1.31	0.55
1.34	0.61
1.36	0.6
1.39	0.63
1.41	0.57
1.44	0.54
1.46	0.6
1.48	0.64
1.51	0.67
1.53	0.58
1.56	0.58
1.58	0.52
1.61	0.68
1.63	0.65
1.66	0.74
1.68	0.58
1.7	0.69
1.73	0.61
1.75	0.82
1.78	0.66
1.8	0.82
1.83	0.62
1.85	0.77
1.88	0.65
1.9	0.92
1.92	0.71
1.95	0.91
1.97	0.65
2	0.87
2.02	0.72
2.05	0.94
2.07	0.67
2.1	0.82
2.12	0.6
2.14	0.87
2.17	0.66
2.19	0.8
2.22	0.58
2.24	0.71
2.27	0.6
2.29	0.81
2.31	0.58
2.34	0.68
2.36	0.54
2.39	0.64
2.41	0.58
2.44	0.69
2.46	0.53
2.49	0.58
2.51	0.49
2.53	0.63
2.56	0.57
2.58	0.6
2.61	0.52
2.63	0.56
2.66	0.52
2.68	0.6
2.71	0.53
2.73	0.6
2.75	0.54
2.78	0.58
2.8	0.52
2.83	0.59
2.85	0.55
2.88	0.59
2.9	0.55
2.93	0.62
2.95	0.56
2.97	0.57
3	0.59
3.02	0.64
3.05	0.66
3.07	0.65
3.1	0.61
3.12	0.59
3.15	0.69
3.17	0.68
3.19	0.75
3.22	0.62
3.24	0.63
3.27	0.55
3.29	0.7
3.32	0.59
3.34	0.71
3.36	0.52
3.39	0.67
3.41	0.6
3.44	0.86
3.46	0.71
3.49	0.94
3.51	0.71
3.54	0.9
3.56	0.76
3.58	1.03
3.61	0.77
3.63	0.94
3.66	0.66
3.68	0.89
3.71	0.69
3.73	0.89
3.76	0.61
3.78	0.77
3.8	0.59
3.83	0.87
3.85	0.66
3.88	0.8
3.9	0.6
3.93	0.72
3.95	0.62
3.98	0.79
4	0.59
4.02	0.69
4.05	0.56
4.07	0.67
4.1	0.6
4.12	0.68
4.15	0.56
4.17	0.62
4.2	0.55
4.22	0.67
4.24	0.61
4.27	0.69
4.29	0.62
4.32	0.68
4.34	0.61
4.37	0.69
4.39	0.6
4.42	0.63
4.44	0.58
4.46	0.67
4.49	0.62
4.51	0.64
4.54	0.57
4.56	0.66
4.59	0.69
4.61	0.67
4.63	0.58
4.66	0.57
4.68	0.59
4.71	0.64
4.73	0.68
4.76	0.59
4.78	0.59
4.81	0.54
4.83	0.64
4.85	0.65
4.88	0.74
4.9	0.56
4.93	0.64
4.95	0.59
4.98	0.77
5	0.64
5.03	0.79
5.05	0.59
5.07	0.72
5.1	0.62
5.12	0.88
5.15	0.69
5.17	0.93
5.2	0.66
5.22	0.85
5.25	0.72
5.27	0.96
5.29	0.7
5.32	0.87
5.34	0.61
5.37	0.86
5.39	0.68
5.42	0.84
5.44	0.6
5.47	0.75
5.49	0.61
5.51	0.84
5.54	0.62
5.56	0.73
5.59	0.57
5.61	0.69
5.64	0.59
5.66	0.74
5.68	0.54
5.71	0.62
5.73	0.52
5.76	0.65
5.78	0.58
5.81	0.67
5.83	0.55
5.86	0.62
5.88	0.56
5.9	0.65
5.93	0.58
5.95	0.63
5.98	0.56
6	0.62
6.03	0.56
6.05	0.65
6.08	0.62
6.1	0.68
6.12	0.65
6.15	0.68
6.17	0.63
6.2	0.66
6.22	0.59
6.25	0.63
6.27	0.62
6.3	0.62
6.32	0.62
6.34	0.59
6.37	0.62
6.39	0.68
6.42	0.71
6.44	0.62
6.47	0.63
6.49	0.54
6.52	0.68
6.54	0.64
6.56	0.71
6.59	0.56
6.61	0.67
6.64	0.59
6.66	0.84
6.69	0.7
6.71	0.86
6.73	0.68
6.76	0.85
6.78	0.72
6.81	0.98
6.83	0.74
6.86	0.91
6.88	0.65
6.91	0.87
6.93	0.7
6.95	0.9
6.98	0.63
7	0.79
7.03	0.6
7.05	0.89
7.08	0.68
7.1	0.82
7.13	0.62
7.15	0.73
7.17	0.61
7.2	0.8
7.22	0.56
7.25	0.67
7.27	0.53
7.3	0.65
7.32	0.62
7.35	0.75
7.37	0.6
7.39	0.67
7.42	0.58
7.44	0.71
7.47	0.66
7.49	0.7
7.52	0.59
7.54	0.66
7.57	0.59
7.59	0.66
7.61	0.59
7.64	0.64
7.66	0.59
7.69	0.66
7.71	0.6
7.74	0.65
7.76	0.6
7.78	0.68
7.81	0.63
7.83	0.69
7.86	0.62
7.88	0.62
7.91	0.61
7.93	0.67
7.96	0.63
7.98	0.63
8	0.56
8.03	0.54
8.05	0.62
8.08	0.64
8.1	0.68
8.13	0.61
8.15	0.62
8.18	0.55
8.2	0.69
8.22	0.63
8.25	0.71
8.27	0.55
8.3	0.63
8.32	0.56
8.35	0.78
8.37	0.61
8.4	0.81
8.42	0.61
8.44	0.77
8.47	0.66
8.49	0.92
8.52	0.7
8.54	0.88
8.57	0.6
8.59	0.83
8.62	0.67
8.64	0.85
8.66	0.59
8.69	0.73
8.71	0.56
8.74	0.82
8.76	0.61
8.79	0.74
8.81	0.57
8.84	0.68
8.86	0.61
8.88	0.77
8.91	0.57
8.93	0.66
8.96	0.53
8.98	0.62
9.01	0.58
9.03	0.64
9.05	0.54
9.08	0.6
9.1	0.51
9.13	0.65
9.15	0.63
9.18	0.68
9.2	0.64
9.23	0.68
9.25	0.64
9.27	0.74
9.3	0.67
9.32	0.73
9.35	0.66
9.37	0.71
9.4	0.66
9.42	0.7
9.45	0.65
9.47	0.7
9.49	0.68
9.52	0.72
9.54	0.65
9.57	0.64
9.59	0.68
9.62	0.72
9.64	0.75
9.67	0.67
9.69	0.62
9.71	0.57
9.74	0.69
9.76	0.63
9.79	0.73
9.81	0.59
9.84	0.67
9.86	0.61
9.89	0.8
9.91	0.69
9.93	0.85
9.96	0.63
9.98	0.81
10.01	0.71
10.03	0.95
10.06	0.76
10.08	0.95
10.1	0.68
10.13	0.9
10.15	0.72
10.18	0.95
10.2	0.71
10.23	0.87
10.25	0.63
10.28	0.87
10.3	0.66
10.32	0.85
10.35	0.62
10.37	0.77
10.4	0.63
10.42	0.92
10.45	0.73
10.47	0.83
10.5	0.64
10.52	0.77
10.54	0.69
10.57	0.86
10.59	0.62
10.62	0.68
10.64	0.6
10.67	0.74
10.69	0.64
10.72	0.74
10.74	0.62
10.76	0.69
10.79	0.62
10.81	0.67
10.84	0.6
10.86	0.67
10.89	0.56
10.91	0.61
10.94	0.54
10.96	0.63
10.98	0.61
11.01	0.67
11.03	0.64
11.06	0.74
11.08	0.7
11.11	0.74
11.13	0.69
11.15	0.75
11.18	0.76
11.2	0.76
11.23	0.69
11.25	0.66
11.28	0.71
11.3	0.77
11.33	0.81
11.35	0.72
11.37	0.75
11.4	0.66
11.42	0.79
11.45	0.77
11.47	0.83
11.5	0.66
11.52	0.74
11.55	0.64
11.57	0.88
11.59	0.73
11.62	0.86
11.64	0.65
11.67	0.81
11.69	0.68
11.72	0.99
11.74	0.75
11.77	0.95
11.79	0.7
11.81	0.93
11.84	0.78
11.86	1
11.89	0.69
11.91	0.86
11.94	0.62
11.96	0.91
11.99	0.73
12.01	0.86
12.03	0.64
12.06	0.8
12.08	0.68
12.11	0.91
12.13	0.69
12.16	0.76
12.18	0.63
12.21	0.74
12.23	0.64
12.25	0.77
12.28	0.59
12.3	0.64
12.33	0.54
12.35	0.67
12.38	0.63
12.4	0.69
12.42	0.6
12.45	0.69
12.47	0.63
12.5	0.71
12.52	0.69
12.55	0.74
12.57	0.69
12.6	0.77
12.62	0.71
12.64	0.77
12.67	0.75
12.69	0.78
12.72	0.78
12.74	0.84
12.77	0.77
12.79	0.78
12.82	0.78
12.84	0.84
12.86	0.86
12.89	0.8
12.91	0.8
12.94	0.75
12.96	0.83
12.99	0.87
13.01	0.91
13.04	0.78
13.06	0.83
13.08	0.71
13.11	0.88
13.13	0.76
13.16	0.86
13.18	0.66
13.21	0.8
13.23	0.69
13.26	0.98
13.28	0.8
13.3	1.06
13.33	0.81
13.35	1.01
13.38	0.83
13.4	1.11
13.43	0.82
13.45	1.01
13.47	0.69
13.5	0.98
13.52	0.83
13.55	1.01
13.57	0.74
13.6	0.9
13.62	0.71
13.65	1.03
13.67	0.8
13.69	0.91
13.72	0.73
13.74	0.84
13.77	0.76
13.79	0.93
13.82	0.67
13.84	0.77
13.87	0.64
13.89	0.78
13.91	0.76
13.94	0.84
13.96	0.73
13.99	0.85
14.01	0.78
14.04	0.89
14.06	0.84
14.09	0.9
14.11	0.83
14.13	0.89
14.16	0.81
14.18	0.89
14.21	0.86
14.23	0.91
14.26	0.87
14.28	0.93
14.31	0.88
14.33	0.95
14.35	0.88
14.38	0.95
14.4	0.94
14.43	0.93
14.45	0.89
14.48	0.86
14.5	0.88
14.52	0.96
14.55	0.97
14.57	0.87
14.6	0.83
14.62	0.75
14.65	0.88
14.67	0.83
14.7	0.92
14.72	0.76
14.74	0.86
14.77	0.79
14.79	1.02
14.82	0.87
14.84	1.05
14.87	0.8
14.89	0.96
14.92	0.82
14.94	1.11
14.96	0.88
14.99	1.1
15.01	0.78
15.04	1.02
15.06	0.84
15.09	1.07
15.11	0.78
15.14	0.93
15.16	0.68
15.18	0.97
15.21	0.78
15.23	0.97
15.26	0.74
15.28	0.9
15.31	0.8
15.33	0.99
15.36	0.78
15.38	0.89
15.4	0.73
15.43	0.9
15.45	0.85
15.48	0.96
15.5	0.85
15.53	0.93
15.55	0.85
15.57	0.99
15.6	0.93
15.62	0.99
15.65	0.93
15.67	0.97
15.7	0.89
15.72	0.97
15.75	0.89
15.77	0.95
15.79	0.89
15.82	0.92
15.84	0.84
15.87	0.91
15.89	0.86
15.92	0.91
15.94	0.87
15.97	0.91
15.99	0.84
16.01	0.85
16.04	0.87
16.06	0.91
16.09	0.92
16.11	0.9
16.14	0.84
16.16	0.81
16.19	0.93
16.21	0.91
16.23	1
16.26	0.86
16.28	0.9
16.31	0.82
16.33	1
16.36	0.92
16.38	1.06
16.41	0.83
16.43	1
16.45	0.88
16.48	1.17
16.5	1
16.53	1.18
16.55	0.89
16.58	1.12
16.6	0.9
16.63	1.22
16.65	0.91
16.67	1.05
16.7	0.77
16.72	1.08
16.75	0.9
16.77	1.1
16.8	0.79
16.82	0.97
16.84	0.86
16.87	1.17
16.89	0.95
16.92	1.08
16.94	0.88
16.97	1.06
16.99	0.95
17.02	1.1
17.04	0.86
17.06	0.93
17.09	0.82
17.11	0.99
17.14	0.92
17.16	1.02
17.19	0.9
17.21	0.97
17.24	0.92
17.26	1.02
17.28	0.95
17.31	1.02
17.33	0.95
17.36	0.97
17.38	0.91
17.41	0.99
17.43	0.94
17.46	1.01
17.48	0.96
17.5	1.02
17.53	0.99
17.55	1.04
17.58	0.99
17.6	1.04
17.63	1.04
17.65	1.06
17.68	1.03
17.7	1.02
17.72	1.07
17.75	1.13
17.77	1.19
17.8	1.09
17.82	1.08
17.85	1.02
17.87	1.18
17.89	1.15
17.92	1.23
17.94	1.04
17.97	1.17
17.99	1.03
18.02	1.23
18.04	1.09
18.07	1.24
18.09	0.97
18.11	1.16
18.14	0.95
18.16	1.29
18.19	1.09
18.21	1.27
18.24	0.95
18.26	1.22
18.29	1.05
18.31	1.33
18.33	1.01
18.36	1.19
18.38	1
18.41	1.34
18.43	1.17
18.46	1.33
18.48	1.05
18.51	1.25
18.53	1.11
18.55	1.3
18.58	1.1
18.6	1.19
18.63	1.02
18.65	1.22
18.68	1.13
18.7	1.25
18.73	1.07
18.75	1.12
18.77	1.01
18.8	1.15
18.82	1.08
18.85	1.16
18.87	1.07
18.9	1.16
18.92	1.11
18.94	1.22
18.97	1.19
18.99	1.23
19.02	1.16
19.04	1.23
19.07	1.14
19.09	1.18
19.12	1.15
19.14	1.2
19.16	1.19
19.19	1.25
19.21	1.21
19.24	1.24
19.26	1.26
19.29	1.32
19.31	1.37
19.34	1.34
19.36	1.33
19.38	1.26
19.41	1.34
19.43	1.35
19.46	1.4
19.48	1.23
19.51	1.28
19.53	1.12
19.56	1.31
19.58	1.22
19.6	1.32
19.63	1.08
19.65	1.2
19.68	1.02
19.7	1.35
19.73	1.17
19.75	1.39
19.78	1.07
19.8	1.32
19.82	1.14
19.85	1.48
19.87	1.17
19.9	1.33
19.92	1.03
19.95	1.37
19.97	1.2
19.99	1.39
20.02	1.05
20.04	1.26
20.07	1.09
20.09	1.39
20.12	1.15
20.14	1.26
20.17	1.08
20.19	1.26
20.21	1.14
20.24	1.3
20.26	1.06
20.29	1.14
20.31	1.01
20.34	1.15
20.36	1.12
20.39	1.21
20.41	1.08
20.43	1.19
20.46	1.14
20.48	1.25
20.51	1.22
20.53	1.27
20.56	1.19
20.58	1.27
20.61	1.2
20.63	1.25
20.65	1.22
20.68	1.26
20.7	1.23
20.73	1.29
20.75	1.24
20.78	1.31
20.8	1.27
20.83	1.31
20.85	1.32
20.87	1.3
20.9	1.27
20.92	1.24
20.95	1.24
20.97	1.3
21	1.31
21.02	1.22
21.05	1.21
21.07	1.13
21.09	1.26
21.12	1.22
21.14	1.29
21.17	1.11
21.19	1.2
21.22	1.07
21.24	1.34
21.26	1.19
21.29	1.36
21.31	1.08
21.34	1.27
21.36	1.07
21.39	1.41
21.41	1.14
21.44	1.34
21.46	1.03
21.48	1.34
21.51	1.21
21.53	1.49
21.56	1.14
21.58	1.32
21.61	1.1
21.63	1.46
21.66	1.24
21.68	1.37
21.7	1.09
21.73	1.27
21.75	1.14
21.78	1.35
21.8	1.11
21.83	1.25
21.85	1.1
21.88	1.3
21.9	1.28
21.92	1.39
21.95	1.24
21.97	1.35
22	1.24
22.02	1.39
22.05	1.34
22.07	1.4
22.1	1.33
22.12	1.41
22.14	1.34
22.17	1.47
22.19	1.41
22.22	1.49
22.24	1.48
22.27	1.57
22.29	1.51
22.31	1.58
22.34	1.51
22.36	1.6
22.39	1.59
22.41	1.6
22.44	1.55
22.46	1.54
22.49	1.53
22.51	1.59
22.53	1.61
22.56	1.57
22.58	1.51
22.61	1.46
22.63	1.59
22.66	1.61
22.68	1.68
22.71	1.55
22.73	1.61
22.75	1.53
22.78	1.73
22.8	1.62
22.83	1.78
22.85	1.52
22.88	1.66
22.9	1.49
22.93	1.79
22.95	1.6
22.97	1.83
23	1.46
23.02	1.76
23.05	1.57
23.07	1.9
23.1	1.6
23.12	1.78
23.15	1.48
23.17	1.87
23.19	1.67
23.22	1.86
23.24	1.53
23.27	1.71
23.29	1.55
23.32	1.85
23.34	1.63
23.36	1.8
23.39	1.6
23.41	1.83
23.44	1.8
23.46	1.96
23.49	1.74
23.51	1.82
23.54	1.68
23.56	1.85
23.58	1.8
23.61	1.85
23.63	1.76
23.66	1.82
23.68	1.75
23.71	1.86
23.73	1.8
23.76	1.85
23.78	1.78
23.8	1.83
23.83	1.8
23.85	1.87
23.88	1.83
23.9	1.9
23.93	1.82
23.95	1.89
23.98	1.83
24	1.85
24.02	1.78
24.05	1.77
24.07	1.74
24.1	1.76
24.12	1.68
24.15	1.64
24.17	1.68
24.2	1.72
24.22	1.79
24.24	1.7
24.27	1.7
24.29	1.62
24.32	1.77
24.34	1.69
24.37	1.78
24.39	1.57
24.42	1.68
24.44	1.53
24.46	1.76
24.49	1.63
24.51	1.82
24.54	1.51
24.56	1.74
24.59	1.49
24.61	1.83
24.63	1.58
24.66	1.72
24.68	1.36
24.71	1.66
24.73	1.44
24.76	1.74
24.78	1.36
24.81	1.51
24.83	1.32
24.85	1.69
24.88	1.51
24.9	1.69
24.93	1.4
24.95	1.62
24.98	1.51
25	1.7
25.03	1.48
25.05	1.56
25.07	1.43
25.1	1.65
25.12	1.56
25.15	1.69
25.17	1.54
25.2	1.57
25.22	1.48
25.25	1.57
25.27	1.5
25.29	1.57
25.32	1.45
25.34	1.47
25.37	1.42
25.39	1.5
25.42	1.45
25.44	1.5
25.47	1.43
25.49	1.49
25.51	1.43
25.54	1.46
25.56	1.43
25.59	1.48
25.61	1.45
25.64	1.51
25.66	1.48
25.68	1.5
25.71	1.53
25.73	1.59
25.76	1.63
25.78	1.6
25.81	1.55
25.83	1.51
25.86	1.63
25.88	1.64
25.9	1.7
25.93	1.56
25.95	1.62
25.98	1.51
26	1.71
26.03	1.6
26.05	1.73
26.08	1.48
26.1	1.64
26.12	1.42
26.15	1.74
26.17	1.54
26.2	1.77
26.22	1.42
26.25	1.68
26.27	1.49
26.3	1.86
26.32	1.57
26.34	1.75
26.37	1.48
26.39	1.87
26.42	1.74
26.44	1.95
26.47	1.61
26.49	1.8
26.52	1.62
26.54	1.93
26.56	1.71
26.59	1.79
26.61	1.63
26.64	1.87
26.66	1.79
26.69	1.99
26.71	1.77
26.73	1.86
26.76	1.8
26.78	1.96
26.81	1.92
26.83	2.03
26.86	1.9
26.88	1.98
26.91	1.94
26.93	2.04
26.95	1.99
26.98	2.05
27	2.01
27.03	2.09
27.05	2.03
27.08	2.09
27.1	2.07
27.13	2.14
27.15	2.13
27.17	2.2
27.2	2.17
27.22	2.25
27.25	2.25
27.27	2.33
27.3	2.37
27.32	2.35
27.35	2.32
27.37	2.33
27.39	2.39
27.42	2.46
27.44	2.51
27.47	2.42
27.49	2.49
27.52	2.42
27.54	2.57
27.57	2.54
27.59	2.62
27.61	2.44
27.64	2.54
27.66	2.38
27.69	2.67
27.71	2.47
27.74	2.65
27.76	2.34
27.78	2.54
27.81	2.33
27.83	2.71
27.86	2.42
27.88	2.65
27.91	2.36
27.93	2.7
27.96	2.56
27.98	2.87
28	2.52
28.03	2.71
28.05	2.49
28.08	2.81
28.1	2.62
28.13	2.74
28.15	2.43
28.18	2.63
28.2	2.49
28.22	2.71
28.25	2.48
28.27	2.55
28.3	2.39
28.32	2.58
28.35	2.53
28.37	2.64
28.4	2.48
28.42	2.54
28.44	2.45
28.47	2.58
28.49	2.54
28.52	2.59
28.54	2.5
28.57	2.58
28.59	2.51
28.62	2.6
28.64	2.55
28.66	2.58
28.69	2.52
28.71	2.58
28.74	2.49
28.76	2.56
28.79	2.47
28.81	2.5
28.84	2.48
28.86	2.51
28.88	2.44
28.91	2.44
28.93	2.4
28.96	2.49
28.98	2.49
29.01	2.4
29.03	2.35
29.05	2.28
29.08	2.35
29.1	2.34
29.13	2.38
29.15	2.23
29.18	2.27
29.2	2.14
29.23	2.32
29.25	2.2
29.27	2.33
29.3	2.06
29.32	2.19
29.35	2
29.37	2.29
29.4	2.07
29.42	2.31
29.45	1.94
29.47	2.19
29.49	2.01
29.52	2.29
29.54	1.96
29.57	2.11
29.59	1.77
29.62	2.12
29.64	1.93
29.67	2.11
29.69	1.81
29.71	2
29.74	1.84
29.76	2.13
29.79	1.9
29.81	2
29.84	1.8
29.86	2.03
29.89	1.93
29.91	2.08
29.93	1.88
29.96	1.97
29.98	1.87
30.01	2.02
30.03	1.94
30.06	2.02
30.08	1.93
30.1	1.97
30.13	1.89
30.15	2
30.18	1.94
30.2	2
30.23	1.95
30.25	1.97
30.28	1.88
30.3	1.99
30.32	1.9
30.35	1.97
30.37	1.92
30.4	1.95
30.42	1.91
30.45	1.94
30.47	1.86
30.5	1.93
30.52	1.91
30.54	1.91
30.57	1.85
30.59	1.85
30.62	1.92
30.64	1.96
30.67	2.01
30.69	1.92
30.72	1.93
30.74	1.88
30.76	2.04
30.79	2
30.81	2.14
30.84	1.96
30.86	2.1
30.89	1.98
30.91	2.26
30.94	2.12
30.96	2.34
30.98	2.01
31.01	2.25
31.03	2.03
31.06	2.39
31.08	2.15
31.11	2.34
31.13	2
31.15	2.35
31.18	2.18
31.2	2.49
31.23	2.17
31.25	2.34
31.28	2.19
31.3	2.58
31.33	2.41
31.35	2.57
31.37	2.29
31.4	2.53
31.42	2.49
31.45	2.7
31.47	2.52
31.5	2.63
31.52	2.55
31.55	2.82
31.57	2.79
31.59	2.91
31.62	2.79
31.64	2.86
31.67	2.81
31.69	2.96
31.72	2.94
31.74	3.03
31.77	2.96
31.79	3.06
31.81	3.06
31.84	3.18
31.86	3.11
31.89	3.18
31.91	3.15
31.94	3.23
31.96	3.18
31.99	3.25
32.01	3.22
32.03	3.33
32.06	3.33
32.08	3.41
32.11	3.39
32.13	3.42
32.16	3.47
32.18	3.59
32.2	3.64
32.23	3.62
32.25	3.61
32.28	3.59
32.3	3.71
32.33	3.73
32.35	3.79
32.38	3.65
32.4	3.73
32.42	3.62
32.45	3.85
32.47	3.75
32.5	3.89
32.52	3.65
32.55	3.84
32.57	3.63
32.6	3.98
32.62	3.77
32.64	3.99
32.67	3.65
32.69	3.93
32.72	3.71
32.74	4.06
32.77	3.72
32.79	3.87
32.82	3.61
32.84	3.96
32.86	3.78
32.89	4.01
32.91	3.68
32.94	3.88
32.96	3.73
32.99	3.97
33.01	3.74
33.04	3.83
33.06	3.6
33.08	3.8
33.11	3.7
33.13	3.85
33.16	3.67
33.18	3.73
33.21	3.6
33.23	3.75
33.26	3.68
33.28	3.75
33.3	3.61
33.33	3.65
33.35	3.57
33.38	3.63
33.4	3.57
33.43	3.6
33.45	3.5
33.47	3.54
33.5	3.44
33.52	3.47
33.55	3.43
33.57	3.47
33.6	3.41
33.62	3.48
33.65	3.39
33.67	3.4
33.69	3.35
33.72	3.38
33.74	3.34
33.77	3.29
33.79	3.2
33.82	3.16
33.84	3.18
33.87	3.21
33.89	3.25
33.91	3.11
33.94	3.1
33.96	2.97
33.99	3.07
34.01	2.98
34.04	3.04
34.06	2.78
34.09	2.89
34.11	2.7
34.13	2.95
34.16	2.77
34.18	2.95
34.21	2.61
34.23	2.78
34.26	2.52
34.28	2.86
34.31	2.57
34.33	2.75
34.35	2.41
34.38	2.7
34.4	2.53
34.43	2.8
34.45	2.4
34.48	2.55
34.5	2.34
34.52	2.63
34.55	2.44
34.57	2.55
34.6	2.26
34.62	2.5
34.65	2.39
34.67	2.56
34.7	2.33
34.72	2.41
34.74	2.28
34.77	2.48
34.79	2.4
34.82	2.48
34.84	2.32
34.87	2.38
34.89	2.29
34.92	2.39
34.94	2.36
34.96	2.42
34.99	2.34
35.01	2.43
35.04	2.39
35.06	2.48
35.09	2.46
35.11	2.51
35.14	2.45
35.16	2.51
35.18	2.42
35.21	2.48
35.23	2.43
35.26	2.46
35.28	2.45
35.31	2.48
35.33	2.45
35.36	2.49
35.38	2.52
35.4	2.59
35.43	2.63
35.45	2.6
35.48	2.62
35.5	2.56
35.53	2.67
35.55	2.66
35.57	2.74
35.6	2.61
35.62	2.69
35.65	2.58
35.67	2.82
35.7	2.73
35.72	2.9
35.75	2.69
35.77	2.88
35.79	2.71
35.82	3.07
35.84	2.89
35.87	3.19
35.89	2.86
35.92	3.17
35.94	3
35.97	3.37
35.99	3.07
36.01	3.26
36.04	2.98
36.06	3.36
36.09	3.22
36.11	3.49
36.14	3.21
36.16	3.45
36.19	3.36
36.21	3.7
36.23	3.55
36.26	3.72
36.28	3.54
36.31	3.79
36.33	3.76
36.36	3.94
36.38	3.79
36.41	3.92
36.43	3.84
36.45	4.07
36.48	4.08
36.5	4.19
36.53	4.15
36.55	4.25
36.58	4.24
36.6	4.4
36.62	4.38
36.65	4.5
36.67	4.5
36.7	4.58
36.72	4.56
36.75	4.69
36.77	4.66
36.8	4.77
36.82	4.77
36.84	4.86
36.87	4.87
36.89	4.95
36.92	4.93
36.94	5.04
36.97	5.06
36.99	5.09
37.02	5.06
37.04	5.02
37.06	5.09
37.09	5.14
37.11	5.22
37.14	5.15
37.16	5.17
37.19	5.1
37.21	5.31
37.24	5.26
37.26	5.37
37.28	5.19
37.31	5.32
37.33	5.18
37.36	5.5
37.38	5.36
37.41	5.57
37.43	5.28
37.46	5.49
37.48	5.27
37.5	5.62
37.53	5.32
37.55	5.49
37.58	5.19
37.6	5.48
37.63	5.3
37.65	5.58
37.68	5.23
37.7	5.39
37.72	5.21
37.75	5.49
37.77	5.27
37.8	5.4
37.82	5.09
37.85	5.26
37.87	5.12
37.89	5.25
37.92	5.01
37.94	5.06
37.97	4.89
37.99	5.06
38.02	4.98
38.04	5.08
38.07	4.9
38.09	4.93
38.11	4.82
38.14	4.92
38.16	4.85
38.19	4.87
38.21	4.75
38.24	4.75
38.26	4.64
38.29	4.67
38.31	4.58
38.33	4.57
38.36	4.46
38.38	4.47
38.41	4.41
38.43	4.41
38.46	4.31
38.48	4.32
38.51	4.24
38.53	4.26
38.55	4.15
38.58	4.08
38.6	4.06
38.63	4.08
38.65	4.06
38.68	3.97
38.7	3.87
38.73	3.78
38.75	3.84
38.77	3.81
38.8	3.85
38.82	3.67
38.85	3.69
38.87	3.55
38.9	3.7
38.92	3.57
38.94	3.66
38.97	3.32
38.99	3.45
39.02	3.22
39.04	3.5
39.07	3.3
39.09	3.46
39.12	3.11
39.14	3.41
39.16	3.18
39.19	3.5
39.21	3.15
39.24	3.27
39.26	2.97
39.29	3.28
39.31	3.07
39.34	3.26
39.36	2.9
39.38	3.08
39.41	2.91
39.43	3.18
39.46	2.97
39.48	3.07
39.51	2.86
39.53	3.06
39.56	2.95
39.58	3.09
39.6	2.85
39.63	2.92
39.65	2.8
39.68	2.94
39.7	2.88
39.73	2.97
39.75	2.86
39.78	2.94
39.8	2.88
39.82	2.97
39.85	2.93
39.87	3.04
39.9	2.99
39.92	3.06
39.95	3
39.97	3.09
39.99	3.07
40.02	3.14
40.04	3.07
40.07	3.16
40.09	3.11
40.12	3.2
40.14	3.16
40.17	3.23
40.19	3.25
40.21	3.28
40.24	3.26
40.26	3.3
40.29	3.35
40.31	3.43
40.34	3.51
40.36	3.42
40.39	3.46
40.41	3.42
40.43	3.58
40.46	3.56
40.48	3.68
40.51	3.52
40.53	3.69
40.56	3.6
40.58	3.87
40.61	3.8
40.63	4.04
40.65	3.77
40.68	4.01
40.7	3.85
40.73	4.24
40.75	4.04
40.78	4.26
40.8	3.96
40.83	4.31
40.85	4.19
40.87	4.54
40.9	4.24
40.92	4.46
40.95	4.34
40.97	4.77
41	4.68
41.02	4.89
41.05	4.67
41.07	4.94
41.09	4.9
41.12	5.13
41.14	4.97
41.17	5.12
41.19	5.05
41.22	5.32
41.24	5.33
41.26	5.51
41.29	5.43
41.31	5.54
41.34	5.55
41.36	5.75
41.39	5.79
41.41	5.94
41.44	5.92
41.46	6.07
41.48	6.09
41.51	6.23
41.53	6.23
41.56	6.32
41.58	6.33
41.61	6.46
41.63	6.44
41.66	6.58
41.68	6.57
41.7	6.7
41.73	6.76
41.75	6.84
41.78	6.82
41.8	6.89
41.83	6.91
41.85	7.05
41.88	7.11
41.9	7.07
41.92	7.08
41.95	7.08
41.97	7.21
42	7.25
42.02	7.34
42.05	7.2
42.07	7.33
42.1	7.24
42.12	7.45
42.14	7.36
42.17	7.52
42.19	7.27
42.22	7.44
42.24	7.24
42.27	7.55
42.29	7.34
42.31	7.58
42.34	7.2
42.36	7.45
42.39	7.25
42.41	7.56
42.44	7.22
42.46	7.38
42.49	7.05
42.51	7.36
42.53	7.18
42.56	7.34
42.58	6.97
42.61	7.14
42.63	6.95
42.66	7.2
42.68	6.97
42.71	7.01
42.73	6.8
42.75	6.96
42.78	6.84
42.8	6.94
42.83	6.7
42.85	6.7
42.88	6.55
42.9	6.64
42.93	6.55
42.95	6.57
42.97	6.42
43	6.42
43.02	6.32
43.05	6.37
43.07	6.27
43.1	6.25
43.12	6.11
43.15	6.08
43.17	5.95
43.19	5.97
43.22	5.85
43.24	5.82
43.27	5.74
43.29	5.72
43.32	5.62
43.34	5.61
43.36	5.48
43.39	5.45
43.41	5.38
43.44	5.3
43.46	5.2
43.49	5.11
43.51	5.06
43.54	5.03
43.56	5.01
43.58	4.86
43.61	4.79
43.63	4.64
43.66	4.73
43.68	4.63
43.71	4.69
43.73	4.47
43.76	4.49
43.78	4.31
43.8	4.5
43.83	4.32
43.85	4.42
43.88	4.07
43.9	4.21
43.93	3.96
43.95	4.28
43.98	4.01
44	4.16
44.02	3.81
44.05	4.09
44.07	3.88
44.1	4.17
44.12	3.79
44.15	3.91
44.17	3.68
44.2	4.01
44.22	3.79
44.24	3.96
44.27	3.63
44.29	3.8
44.32	3.65
44.34	3.83
44.37	3.59
44.39	3.67
44.41	3.5
44.44	3.71
44.46	3.64
44.49	3.77
44.51	3.59
44.54	3.64
44.56	3.55
44.59	3.68
44.61	3.62
44.63	3.67
44.66	3.6
44.68	3.7
44.71	3.65
44.73	3.77
44.76	3.74
44.78	3.8
44.81	3.78
44.83	3.87
44.85	3.84
44.88	3.92
44.9	3.91
44.93	4.04
44.95	4.04
44.98	4.13
45	4.12
45.03	4.16
45.05	4.19
45.07	4.28
45.1	4.31
45.12	4.32
45.15	4.32
45.17	4.3
45.2	4.4
45.22	4.47
45.25	4.56
45.27	4.48
45.29	4.58
45.32	4.51
45.34	4.76
45.37	4.75
45.39	4.92
45.42	4.78
45.44	4.94
45.47	4.83
45.49	5.21
45.51	5.08
45.54	5.39
45.56	5.13
45.59	5.43
45.61	5.29
45.64	5.7
45.66	5.42
45.68	5.69
45.71	5.42
45.73	5.84
45.76	5.75
45.78	6.1
45.81	5.85
45.83	6.18
45.86	6.09
45.88	6.51
45.9	6.4
45.93	6.63
45.95	6.43
45.98	6.75
46	6.75
46.03	7.01
46.05	6.86
46.08	7.05
46.1	7
46.12	7.29
46.15	7.32
46.17	7.49
46.2	7.44
46.22	7.6
46.25	7.6
46.27	7.83
46.3	7.91
46.32	8.06
46.34	8.08
46.37	8.24
46.39	8.28
46.42	8.44
46.44	8.45
46.47	8.58
46.49	8.59
46.52	8.73
46.54	8.75
46.56	8.86
46.59	8.89
46.61	9.01
46.64	9.06
46.66	9.18
46.69	9.18
46.71	9.23
46.73	9.31
46.76	9.43
46.78	9.5
46.81	9.46
46.83	9.46
46.86	9.44
46.88	9.59
46.91	9.61
46.93	9.72
46.95	9.6
46.98	9.7
47	9.62
47.03	9.84
47.05	9.75
47.08	9.93
47.1	9.62
47.13	9.79
47.15	9.6
47.17	9.9
47.2	9.68
47.22	9.9
47.25	9.5
47.27	9.78
47.3	9.56
47.32	9.85
47.35	9.49
47.37	9.63
47.39	9.29
47.42	9.62
47.44	9.4
47.47	9.57
47.49	9.2
47.52	9.37
47.54	9.17
47.57	9.41
47.59	9.12
47.61	9.19
47.64	8.91
47.66	9.05
47.69	8.88
47.71	8.93
47.74	8.66
47.76	8.68
47.78	8.49
47.81	8.57
47.83	8.43
47.86	8.46
47.88	8.3
47.91	8.25
47.93	8.1
47.96	8.11
47.98	7.97
48	7.94
48.03	7.76
48.05	7.72
48.08	7.57
48.1	7.56
48.13	7.42
48.15	7.4
48.18	7.27
48.2	7.21
48.22	7.08
48.25	7.04
48.27	6.88
48.3	6.82
48.32	6.71
48.35	6.59
48.37	6.45
48.4	6.32
48.42	6.25
48.44	6.21
48.47	6.2
48.49	6.03
48.52	5.97
48.54	5.84
48.57	5.92
48.59	5.85
48.62	5.87
48.64	5.59
48.66	5.62
48.69	5.4
48.71	5.56
48.74	5.34
48.76	5.43
48.79	5.07
48.81	5.21
48.84	5.06
48.86	5.17
48.88	4.9
48.91	5.01
48.93	4.79
48.96	5.05
48.98	4.82
49.01	4.87
49.03	4.68
49.05	4.89
49.08	4.7
49.1	4.84
49.13	4.53
49.15	4.7
49.18	4.47
49.2	4.81
49.23	4.54
49.25	4.73
49.27	4.38
49.3	4.71
49.32	4.55
49.35	4.85
49.37	4.51
49.4	4.7
49.42	4.48
49.45	4.84
49.47	4.63
49.49	4.79
49.52	4.49
49.54	4.7
49.57	4.59
49.59	4.83
49.62	4.62
49.64	4.74
49.67	4.61
49.69	4.85
49.71	4.81
49.74	4.94
49.76	4.81
49.79	4.95
49.81	4.89
49.84	5.06
49.86	5.06
49.89	5.19
49.91	5.17
49.93	5.3
49.96	5.28
49.98	5.44
50.01	5.47
50.03	5.6
50.06	5.63
50.08	5.78
50.1	5.79
50.13	5.93
50.15	5.95
50.18	6.1
50.2	6.14
50.23	6.22
50.25	6.23
50.28	6.31
50.3	6.36
50.32	6.51
50.35	6.6
50.37	6.65
50.4	6.68
50.42	6.74
50.45	6.93
50.47	7.03
50.5	7.19
50.52	7.16
50.54	7.28
50.57	7.3
50.59	7.58
50.62	7.58
50.64	7.84
50.67	7.7
50.69	7.91
50.72	7.89
50.74	8.29
50.76	8.21
50.79	8.58
50.81	8.35
50.84	8.72
50.86	8.63
50.89	9.11
50.91	8.93
50.94	9.24
50.96	9
50.98	9.46
51.01	9.38
51.03	9.76
51.06	9.49
51.08	9.81
51.11	9.74
51.13	10.18
51.15	10.08
51.18	10.38
51.2	10.21
51.23	10.55
51.25	10.56
51.28	10.84
51.3	10.7
51.33	10.9
51.35	10.82
51.37	11.12
51.4	11.18
51.42	11.38
51.45	11.33
51.47	11.52
51.5	11.53
51.52	11.76
51.55	11.8
51.57	11.93
51.59	11.91
51.62	12.07
51.64	12.06
51.67	12.22
51.69	12.21
51.72	12.32
51.74	12.31
51.77	12.42
51.79	12.39
51.81	12.49
51.84	12.45
51.86	12.53
51.89	12.53
51.91	12.57
51.94	12.5
51.96	12.52
51.99	12.54
52.01	12.6
52.03	12.63
52.06	12.56
52.08	12.5
52.11	12.46
52.13	12.53
52.16	12.47
52.18	12.52
52.2	12.32
52.23	12.36
52.25	12.23
52.28	12.37
52.3	12.22
52.33	12.31
52.35	11.98
52.38	12.09
52.4	11.83
52.42	12.05
52.45	11.8
52.47	11.92
52.5	11.47
52.52	11.64
52.55	11.32
52.57	11.52
52.6	11.1
52.62	11.16
52.64	10.81
52.67	11.07
52.69	10.81
52.72	10.95
52.74	10.52
52.77	10.59
52.79	10.34
52.82	10.49
52.84	10.16
52.86	10.13
52.89	9.8
52.91	9.9
52.94	9.69
52.96	9.7
52.99	9.41
53.01	9.36
53.04	9.15
53.06	9.2
53.08	9.02
53.11	9.03
53.13	8.81
53.16	8.71
53.18	8.53
53.21	8.49
53.23	8.31
53.26	8.26
53.28	8.08
53.3	8.01
53.33	7.84
53.35	7.82
53.38	7.69
53.4	7.64
53.43	7.5
53.45	7.44
53.47	7.3
53.5	7.27
53.52	7.13
53.55	7.08
53.57	6.99
53.6	6.92
53.62	6.79
53.65	6.71
53.67	6.65
53.69	6.6
53.72	6.6
53.74	6.45
53.77	6.38
53.79	6.26
53.82	6.35
53.84	6.32
53.87	6.37
53.89	6.14
53.91	6.2
53.94	6.03
53.96	6.2
53.99	6.05
54.01	6.14
54.04	5.82
54.06	5.98
54.09	5.71
54.11	6.07
54.13	5.84
54.16	6.03
54.18	5.7
54.21	5.98
54.23	5.78
54.26	6.1
54.28	5.76
54.31	5.92
54.33	5.67
54.35	6.03
54.38	5.87
54.4	6.09
54.43	5.81
54.45	6.04
54.48	5.94
54.5	6.24
54.52	6.06
54.55	6.21
54.57	6.08
54.6	6.35
54.62	6.3
54.65	6.51
54.67	6.33
54.7	6.47
54.72	6.41
54.74	6.59
54.77	6.57
54.79	6.7
54.82	6.62
54.84	6.79
54.87	6.76
54.89	6.94
54.92	7.02
54.94	7.17
54.96	7.2
54.99	7.4
55.01	7.41
55.04	7.58
55.06	7.66
55.09	7.8
55.11	7.85
55.14	8.01
55.16	8.02
55.18	8.21
55.21	8.27
55.23	8.45
55.26	8.55
55.28	8.67
55.31	8.77
55.33	8.87
55.36	9.01
55.38	9.18
55.4	9.33
55.43	9.34
55.45	9.47
55.48	9.49
55.5	9.76
55.53	9.83
55.55	10.04
55.57	9.99
55.6	10.23
55.62	10.22
55.65	10.66
55.67	10.65
55.7	11
55.72	10.86
55.75	11.21
55.77	11.11
55.79	11.61
55.82	11.45
55.84	11.8
55.87	11.56
55.89	12.01
55.92	11.97
55.94	12.44
55.97	12.23
55.99	12.55
56.01	12.47
56.04	13.02
56.06	12.98
56.09	13.3
56.11	13.17
56.14	13.51
56.16	13.51
56.19	13.86
56.21	13.71
56.23	13.91
56.26	13.82
56.28	14.11
56.31	14.16
56.33	14.4
56.36	14.33
56.38	14.55
56.41	14.55
56.43	14.82
56.45	14.89
56.48	15.07
56.5	15.05
56.53	15.22
56.55	15.23
56.58	15.4
56.6	15.4
56.62	15.5
56.65	15.49
56.67	15.63
56.7	15.63
56.72	15.71
56.75	15.71
56.77	15.84
56.8	15.84
56.82	15.92
56.84	15.88
56.87	15.87
56.89	15.86
56.92	15.91
56.94	15.89
56.97	15.85
56.99	15.77
57.02	15.7
57.04	15.74
57.06	15.75
57.09	15.76
57.11	15.59
57.14	15.55
57.16	15.42
57.19	15.53
57.21	15.4
57.24	15.41
57.26	15.13
57.28	15.16
57.31	14.96
57.33	15.09
57.36	14.83
57.38	14.95
57.41	14.53
57.43	14.64
57.46	14.32
57.48	14.53
57.5	14.18
57.53	14.26
57.55	13.81
57.58	14.02
57.6	13.7
57.63	13.84
57.65	13.35
57.68	13.38
57.7	13.04
57.72	13.19
57.75	12.84
57.77	12.84
57.8	12.42
57.82	12.48
57.85	12.26
57.87	12.3
57.89	11.99
57.92	11.96
57.94	11.71
57.97	11.79
57.99	11.59
58.02	11.55
58.04	11.29
58.07	11.19
58.09	10.96
58.11	10.94
58.14	10.73
58.16	10.65
58.19	10.43
58.21	10.32
58.24	10.17
58.26	10.11
58.29	9.94
58.31	9.89
58.33	9.72
58.36	9.63
58.38	9.44
58.41	9.37
58.43	9.18
58.46	9.08
58.48	8.92
58.51	8.86
58.53	8.72
58.55	8.62
58.58	8.54
58.6	8.52
58.63	8.48
58.65	8.4
58.68	8.26
58.7	8.14
58.73	8.21
58.75	8.15
58.77	8.16
58.8	7.96
58.82	7.96
58.85	7.82
58.87	7.97
58.9	7.84
58.92	7.91
58.94	7.63
58.97	7.8
58.99	7.56
59.02	7.82
59.04	7.62
59.07	7.77
59.09	7.42
59.12	7.65
59.14	7.37
59.16	7.76
59.19	7.47
59.21	7.65
59.24	7.4
59.26	7.76
59.29	7.62
59.31	7.92
59.34	7.57
59.36	7.8
59.38	7.67
59.41	8.02
59.43	7.86
59.46	8.04
59.48	7.83
59.51	8.15
59.53	8.09
59.56	8.31
59.58	8.17
59.6	8.31
59.63	8.25
59.65	8.53
59.68	8.5
59.7	8.72
59.73	8.66
59.75	8.79
59.78	8.81
59.8	9.01
59.82	9.05
59.85	9.22
59.87	9.24
59.9	9.45
59.92	9.48
59.95	9.59
59.97	9.59
59.99	9.63
