U1	IA
0.02	0.44
0.04	0.43
0.07	0.43
0.09	0.43
0.12	0.42
0.14	0.43
0.17	0.42
0.19	0.44
0.21	0.44
0.24	0.44
0.26	0.44
0.29	0.45
0.31	0.45
0.34	0.47
0.36	0.44
0.39	0.45
0.41	0.45
0.43	0.45
0.46	0.45
0.48	0.46
0.51	0.45
0.53	0.5
0.56	0.48
0.58	0.49
0.61	0.48
0.63	0.47
0.65	0.47
0.68	0.47
0.7	0.44
0.73	0.46
0.75	0.43
0.78	0.44
0.8	0.44
0.83	0.45
0.85	0.44
0.87	0.46
0.9	0.44
0.92	0.47
0.95	0.46
0.97	0.46
1	0.46
1.02	0.47
1.05	0.46
1.07	0.48
1.09	0.45
1.12	0.46
1.14	0.45
1.17	0.46
1.19	0.45
1.22	0.45
1.24	0.43
1.26	0.47
1.29	0.46
1.31	0.45
1.34	0.45
1.36	0.45
1.39	0.45
1.41	0.46
1.44	0.44
1.46	0.45
1.48	0.43
1.51	0.43
1.53	0.45
1.56	0.44
1.58	0.44
1.61	0.44
1.63	0.44
1.66	0.46
1.68	0.47
1.7	0.45
1.73	0.45
1.75	0.44
1.78	0.45
1.8	0.46
1.83	0.44
1.85	0.43
1.88	0.44
1.9	0.44
1.92	0.46
1.95	0.45
1.97	0.44
2	0.45
2.02	0.46
2.05	0.45
2.07	0.46
2.1	0.43
2.12	0.44
2.14	0.44
2.17	0.45
2.19	0.44
2.22	0.44
2.24	0.42
2.27	0.45
2.29	0.44
2.31	0.45
2.34	0.43
2.36	0.44
2.39	0.44
2.41	0.45
2.44	0.43
2.46	0.45
2.49	0.43
2.51	0.45
2.53	0.46
2.56	0.45
2.58	0.44
2.61	0.47
2.63	0.44
2.66	0.47
2.68	0.45
2.71	0.44
2.73	0.45
2.75	0.45
2.78	0.43
2.8	0.46
2.83	0.44
2.85	0.45
2.88	0.43
2.9	0.44
2.93	0.45
2.95	0.44
2.97	0.43
3	0.44
3.02	0.44
3.05	0.45
3.07	0.45
3.1	0.45
3.12	0.46
3.15	0.47
3.17	0.45
3.19	0.45
3.22	0.45
3.24	0.45
3.27	0.47
3.29	0.45
3.32	0.44
3.34	0.45
3.36	0.45
3.39	0.46
3.41	0.46
3.44	0.44
3.46	0.47
3.49	0.45
3.51	0.45
3.54	0.45
3.56	0.45
3.58	0.44
3.61	0.43
3.63	0.42
3.66	0.45
3.68	0.43
3.71	0.43
3.73	0.44
3.76	0.44
3.78	0.44
3.8	0.46
3.83	0.44
3.85	0.47
3.88	0.47
3.9	0.46
3.93	0.45
3.95	0.46
3.98	0.44
4	0.47
4.02	0.45
4.05	0.46
4.07	0.45
4.1	0.47
4.12	0.46
4.15	0.47
4.17	0.44
4.2	0.47
4.22	0.45
4.24	0.46
4.27	0.45
4.29	0.46
4.32	0.45
4.34	0.47
4.37	0.46
4.39	0.47
4.42	0.44
4.44	0.45
4.46	0.45
4.49	0.46
4.51	0.44
4.54	0.45
4.56	0.44
4.59	0.46
4.61	0.49
4.63	0.48
4.66	0.48
4.68	0.48
4.71	0.47
4.73	0.5
4.76	0.48
4.78	0.46
4.81	0.46
4.83	0.46
4.85	0.47
4.88	0.47
4.9	0.46
4.93	0.47
4.95	0.45
4.98	0.45
5	0.45
5.03	0.43
5.05	0.44
5.07	0.43
5.1	0.43
5.12	0.44
5.15	0.41
5.17	0.4
5.2	0.43
5.22	0.42
5.25	0.42
5.27	0.42
5.29	0.42
5.32	0.45
5.34	0.46
5.37	0.45
5.39	0.46
5.42	0.46
5.44	0.47
5.47	0.48
5.49	0.48
5.51	0.48
5.54	0.49
5.56	0.48
5.59	0.5
5.61	0.48
5.64	0.47
5.66	0.46
5.68	0.46
5.71	0.44
5.73	0.46
5.76	0.43
5.78	0.45
5.81	0.43
5.83	0.44
5.86	0.43
5.88	0.44
5.9	0.43
5.93	0.45
5.95	0.43
5.98	0.44
6	0.44
6.03	0.46
6.05	0.46
6.08	0.47
6.1	0.44
6.12	0.46
6.15	0.45
6.17	0.46
6.2	0.47
6.22	0.48
6.25	0.47
6.27	0.48
6.3	0.47
6.32	0.49
6.34	0.49
6.37	0.46
6.39	0.45
6.42	0.45
6.44	0.45
6.47	0.46
6.49	0.45
6.52	0.44
6.54	0.45
6.56	0.45
6.59	0.47
6.61	0.47
6.64	0.47
6.66	0.48
6.69	0.48
6.71	0.48
6.73	0.49
6.76	0.48
6.78	0.49
6.81	0.49
6.83	0.47
6.86	0.47
6.88	0.47
6.91	0.46
6.93	0.49
6.95	0.48
6.98	0.49
7	0.49
7.03	0.49
7.05	0.5
7.08	0.52
7.1	0.48
7.13	0.49
7.15	0.46
7.17	0.47
7.2	0.47
7.22	0.47
7.25	0.46
7.27	0.48
7.3	0.46
7.32	0.49
7.35	0.47
7.37	0.48
7.39	0.48
7.42	0.49
7.44	0.47
7.47	0.48
7.49	0.47
7.52	0.48
7.54	0.46
7.57	0.46
7.59	0.45
7.61	0.45
7.64	0.44
7.66	0.47
7.69	0.46
7.71	0.47
7.74	0.46
7.76	0.46
7.78	0.47
7.81	0.48
7.83	0.45
7.86	0.47
7.88	0.45
7.91	0.45
7.93	0.45
7.96	0.45
7.98	0.45
8	0.44
8.03	0.44
8.05	0.45
8.08	0.45
8.1	0.45
8.13	0.47
8.15	0.47
8.18	0.47
8.2	0.47
8.22	0.47
8.25	0.47
8.27	0.48
8.3	0.46
8.32	0.47
8.35	0.46
8.37	0.45
8.4	0.47
8.42	0.48
8.44	0.46
8.47	0.48
8.49	0.46
8.52	0.49
8.54	0.48
8.57	0.47
8.59	0.47
8.62	0.46
8.64	0.44
8.66	0.45
8.69	0.43
8.71	0.44
8.74	0.43
8.76	0.43
8.79	0.44
8.81	0.45
8.84	0.44
8.86	0.48
8.88	0.47
8.91	0.48
8.93	0.47
8.96	0.48
8.98	0.46
9.01	0.48
9.03	0.43
9.05	0.46
9.08	0.44
9.1	0.45
9.13	0.45
9.15	0.48
9.18	0.47
9.2	0.49
9.23	0.47
9.25	0.51
9.27	0.51
9.3	0.49
9.32	0.48
9.35	0.47
9.37	0.46
9.4	0.46
9.42	0.43
9.45	0.44
9.47	0.43
9.49	0.44
9.52	0.45
9.54	0.45
9.57	0.45
9.59	0.48
9.62	0.48
9.64	0.48
9.67	0.49
9.69	0.5
9.71	0.5
9.74	0.5
9.76	0.47
9.79	0.47
9.81	0.46
9.84	0.46
9.86	0.47
9.89	0.46
9.91	0.47
9.93	0.47
9.96	0.48
9.98	0.51
10.01	0.51
10.03	0.49
10.06	0.49
10.08	0.47
10.1	0.47
10.13	0.46
10.15	0.45
10.18	0.44
10.2	0.44
10.23	0.43
10.25	0.45
10.28	0.45
10.3	0.46
10.32	0.48
10.35	0.49
10.37	0.49
10.4	0.51
10.42	0.5
10.45	0.51
10.47	0.49
10.5	0.48
10.52	0.47
10.54	0.47
10.57	0.45
10.59	0.47
10.62	0.45
10.64	0.46
10.67	0.46
10.69	0.47
10.72	0.49
10.74	0.49
10.76	0.48
10.79	0.49
10.81	0.46
10.84	0.47
10.86	0.45
10.89	0.43
10.91	0.44
10.94	0.44
10.96	0.43
10.98	0.46
11.01	0.44
11.03	0.44
11.06	0.45
11.08	0.45
11.11	0.46
11.13	0.47
11.15	0.46
11.18	0.47
11.2	0.49
11.23	0.48
11.25	0.49
11.28	0.48
11.3	0.47
11.33	0.47
11.35	0.47
11.37	0.47
11.4	0.48
11.42	0.46
11.45	0.5
11.47	0.5
11.5	0.51
11.52	0.5
11.55	0.48
11.57	0.47
11.59	0.48
11.62	0.45
11.64	0.46
11.67	0.44
11.69	0.45
11.72	0.47
11.74	0.48
11.77	0.47
11.79	0.49
11.81	0.48
11.84	0.5
11.86	0.5
11.89	0.5
11.91	0.5
11.94	0.5
11.96	0.49
11.99	0.51
12.01	0.48
12.03	0.49
12.06	0.49
12.08	0.51
12.11	0.51
12.13	0.52
12.16	0.49
12.18	0.55
12.21	0.52
12.23	0.52
12.25	0.51
12.28	0.49
12.3	0.48
12.33	0.5
12.35	0.46
12.38	0.48
12.4	0.47
12.42	0.48
12.45	0.49
12.47	0.5
12.5	0.48
12.52	0.49
12.55	0.47
12.57	0.49
12.6	0.48
12.62	0.48
12.64	0.48
12.67	0.49
12.69	0.48
12.72	0.5
12.74	0.48
12.77	0.49
12.79	0.49
12.82	0.48
12.84	0.48
12.86	0.48
12.89	0.47
12.91	0.52
12.94	0.49
12.96	0.49
12.99	0.49
13.01	0.47
13.04	0.49
13.06	0.49
13.08	0.46
13.11	0.49
13.13	0.49
13.16	0.48
13.18	0.52
13.21	0.51
13.23	0.52
13.26	0.52
13.28	0.53
13.3	0.54
13.33	0.55
13.35	0.53
13.38	0.54
13.4	0.53
13.43	0.52
13.45	0.52
13.47	0.5
13.5	0.49
13.52	0.51
13.55	0.49
13.57	0.51
13.6	0.51
13.62	0.51
13.65	0.55
13.67	0.55
13.69	0.54
13.72	0.55
13.74	0.52
13.77	0.52
13.79	0.51
13.82	0.5
13.84	0.49
13.87	0.48
13.89	0.47
13.91	0.51
13.94	0.5
13.96	0.5
13.99	0.49
14.01	0.51
14.04	0.51
14.06	0.52
14.09	0.51
14.11	0.53
14.13	0.53
14.16	0.54
14.18	0.53
14.21	0.53
14.23	0.52
14.26	0.54
14.28	0.52
14.31	0.53
14.33	0.52
14.35	0.52
14.38	0.55
14.4	0.56
14.43	0.55
14.45	0.56
14.48	0.56
14.5	0.56
14.52	0.55
14.55	0.54
14.57	0.55
14.6	0.53
14.62	0.54
14.65	0.54
14.67	0.54
14.7	0.54
14.72	0.55
14.74	0.55
14.77	0.58
14.79	0.58
14.82	0.58
14.84	0.58
14.87	0.58
14.89	0.57
14.92	0.59
14.94	0.55
14.96	0.55
14.99	0.54
15.01	0.55
15.04	0.56
15.06	0.57
15.09	0.56
15.11	0.59
15.14	0.58
15.16	0.59
15.18	0.58
15.21	0.58
15.23	0.57
15.26	0.58
15.28	0.56
15.31	0.57
15.33	0.55
15.36	0.56
15.38	0.56
15.4	0.56
15.43	0.55
15.45	0.57
15.48	0.56
15.5	0.58
15.53	0.58
15.55	0.58
15.57	0.58
15.6	0.6
15.62	0.58
15.65	0.61
15.67	0.59
15.7	0.6
15.72	0.59
15.75	0.59
15.77	0.58
15.79	0.6
15.82	0.57
15.84	0.6
15.87	0.59
15.89	0.59
15.92	0.59
15.94	0.59
15.97	0.59
15.99	0.6
16.01	0.6
16.04	0.6
16.06	0.59
16.09	0.58
16.11	0.59
16.14	0.59
16.16	0.59
16.19	0.58
16.21	0.59
16.23	0.62
16.26	0.64
16.28	0.61
16.31	0.61
16.33	0.61
16.36	0.62
16.38	0.62
16.41	0.62
16.43	0.6
16.45	0.62
16.48	0.61
16.5	0.64
16.53	0.64
16.55	0.63
16.58	0.63
16.6	0.64
16.63	0.62
16.65	0.63
16.67	0.6
16.7	0.6
16.72	0.6
16.75	0.6
16.77	0.6
16.8	0.6
16.82	0.58
16.84	0.6
16.87	0.59
16.89	0.61
16.92	0.6
16.94	0.61
16.97	0.61
16.99	0.62
17.02	0.61
17.04	0.63
17.06	0.62
17.09	0.63
17.11	0.63
17.14	0.66
17.16	0.64
17.19	0.65
17.21	0.64
17.24	0.65
17.26	0.64
17.28	0.63
17.31	0.63
17.33	0.63
17.36	0.61
17.38	0.63
17.41	0.61
17.43	0.62
17.46	0.61
17.48	0.61
17.5	0.62
17.53	0.6
17.55	0.6
17.58	0.62
17.6	0.61
17.63	0.6
17.65	0.63
17.68	0.63
17.7	0.65
17.72	0.65
17.75	0.64
17.77	0.65
17.8	0.67
17.82	0.66
17.85	0.67
17.87	0.65
17.89	0.65
17.92	0.65
17.94	0.65
17.97	0.65
17.99	0.66
18.02	0.64
18.04	0.67
18.07	0.66
18.09	0.67
18.11	0.66
18.14	0.67
18.16	0.65
18.19	0.66
18.21	0.64
18.24	0.65
18.26	0.63
18.29	0.65
18.31	0.66
18.33	0.68
18.36	0.66
18.38	0.68
18.41	0.68
18.43	0.7
18.46	0.69
18.48	0.68
18.51	0.67
18.53	0.7
18.55	0.69
18.58	0.71
18.6	0.7
18.63	0.71
18.65	0.7
18.68	0.71
18.7	0.71
18.73	0.72
18.75	0.7
18.77	0.71
18.8	0.69
18.82	0.7
18.85	0.68
18.87	0.69
18.9	0.68
18.92	0.69
18.94	0.68
18.97	0.72
18.99	0.69
19.02	0.7
19.04	0.7
19.07	0.72
19.09	0.71
19.12	0.72
19.14	0.7
19.16	0.73
19.19	0.74
19.21	0.73
19.24	0.73
19.26	0.74
19.29	0.73
19.31	0.76
19.34	0.74
19.36	0.74
19.38	0.74
19.41	0.73
19.43	0.75
19.46	0.74
19.48	0.74
19.51	0.74
19.53	0.74
19.56	0.73
19.58	0.74
19.6	0.73
19.63	0.74
19.65	0.73
19.68	0.73
19.7	0.73
19.73	0.73
19.75	0.73
19.78	0.75
19.8	0.74
19.82	0.75
19.85	0.74
19.87	0.76
19.9	0.76
19.92	0.77
19.95	0.74
19.97	0.75
19.99	0.74
20.02	0.75
20.04	0.76
20.07	0.77
20.09	0.77
20.12	0.78
20.14	0.77
20.17	0.79
20.19	0.77
20.21	0.77
20.24	0.76
20.26	0.75
20.29	0.74
20.31	0.76
20.34	0.74
20.36	0.76
20.39	0.74
20.41	0.75
20.43	0.76
20.46	0.77
20.48	0.76
20.51	0.78
20.53	0.76
20.56	0.78
20.58	0.78
20.61	0.78
20.63	0.77
20.65	0.77
20.68	0.75
20.7	0.76
20.73	0.75
20.75	0.75
20.78	0.78
20.8	0.79
20.83	0.78
20.85	0.79
20.87	0.8
20.9	0.83
20.92	0.83
20.95	0.79
20.97	0.8
21	0.77
21.02	0.78
21.05	0.78
21.07	0.77
21.09	0.77
21.12	0.77
21.14	0.76
21.17	0.78
21.19	0.78
21.22	0.78
21.24	0.79
21.26	0.79
21.29	0.8
21.31	0.82
21.34	0.81
21.36	0.82
21.39	0.81
21.41	0.79
21.44	0.79
21.46	0.78
21.48	0.77
21.51	0.81
21.53	0.79
21.56	0.81
21.58	0.81
21.61	0.81
21.63	0.83
21.66	0.84
21.68	0.81
21.7	0.82
21.73	0.8
21.75	0.81
21.78	0.8
21.8	0.8
21.83	0.77
21.85	0.78
21.88	0.77
21.9	0.8
21.92	0.79
21.95	0.8
21.97	0.82
22	0.84
22.02	0.82
22.05	0.84
22.07	0.82
22.1	0.84
22.12	0.82
22.14	0.81
22.17	0.81
22.19	0.81
22.22	0.8
22.24	0.83
22.27	0.82
22.29	0.84
22.31	0.83
22.34	0.83
22.36	0.86
22.39	0.86
22.41	0.84
22.44	0.85
22.46	0.83
22.49	0.83
22.51	0.82
22.53	0.81
22.56	0.82
22.58	0.81
22.61	0.81
22.63	0.82
22.66	0.83
22.68	0.83
22.71	0.86
22.73	0.86
22.75	0.87
22.78	0.87
22.8	0.87
22.83	0.87
22.85	0.88
22.88	0.85
22.9	0.86
22.93	0.84
22.95	0.81
22.97	0.8
23	0.81
23.02	0.81
23.05	0.82
23.07	0.81
23.1	0.85
23.12	0.89
23.15	0.9
23.17	0.89
23.19	0.88
23.22	0.87
23.24	0.87
23.27	0.85
23.29	0.86
23.32	0.85
23.34	0.87
23.36	0.88
23.39	0.9
23.41	0.89
23.44	0.94
23.46	0.92
23.49	0.94
23.51	0.93
23.54	0.94
23.56	0.92
23.58	0.94
23.61	0.9
23.63	0.92
23.66	0.89
23.68	0.91
23.71	0.9
23.73	0.92
23.76	0.91
23.78	0.92
23.8	0.9
23.83	0.95
23.85	0.95
23.88	0.95
23.9	0.95
23.93	0.94
23.95	0.94
23.98	0.96
24	0.93
24.02	0.93
24.05	0.92
24.07	0.92
24.1	0.95
24.12	0.95
24.15	0.94
24.17	0.96
24.2	0.96
24.22	0.98
24.24	0.99
24.27	0.98
24.29	0.98
24.32	0.99
24.34	0.97
24.37	0.98
24.39	0.97
24.42	0.96
24.44	0.97
24.46	0.97
24.49	0.98
24.51	0.98
24.54	0.99
24.56	1.01
24.59	1.02
24.61	1
24.63	1.01
24.66	0.98
24.68	0.99
24.71	0.98
24.73	0.97
24.76	0.97
24.78	0.97
24.81	0.97
24.83	1
24.85	0.99
24.88	1
24.9	1.01
24.93	1.02
24.95	1.01
24.98	1.03
25	1.01
25.03	1.03
25.05	1.01
25.07	1
25.1	0.99
25.12	0.99
25.15	0.98
25.17	1
25.2	0.99
25.22	1.01
25.25	1
25.27	1.02
25.29	1.04
25.32	1.04
25.34	1.02
25.37	1.04
25.39	1.01
25.42	1.01
25.44	1
25.47	0.98
25.49	0.99
25.51	0.99
25.54	0.98
25.56	1.01
25.59	1
25.61	1
25.64	1
25.66	1
25.68	1
25.71	1.01
25.73	1
25.76	1.01
25.78	1.01
25.81	1
25.83	1.02
25.86	1
25.88	1
25.9	0.99
25.93	0.99
25.95	1
25.98	1.01
26	0.98
26.03	1.03
26.05	1.03
26.08	1.03
26.1	1.02
26.12	1.01
26.15	1
26.17	1.01
26.2	0.98
26.22	0.99
26.25	0.97
26.27	0.98
26.3	0.99
26.32	1
26.34	1
26.37	1.01
26.39	1
26.42	1.04
26.44	1.03
26.47	1.02
26.49	1.01
26.52	1.01
26.54	1
26.56	1.02
26.59	0.98
26.61	1
26.64	1
26.66	1.02
26.69	1.01
26.71	1.03
26.73	1.02
26.76	1.07
26.78	1.05
26.81	1.07
26.83	1.05
26.86	1.05
26.88	1.04
26.91	1.05
26.93	1.01
26.95	1.04
26.98	1.01
27	1.02
27.03	1.04
27.05	1.05
27.08	1.04
27.1	1.05
27.13	1.04
27.15	1.07
27.17	1.07
27.2	1.07
27.22	1.07
27.25	1.08
27.27	1.07
27.3	1.09
27.32	1.07
27.35	1.08
27.37	1.09
27.39	1.08
27.42	1.09
27.44	1.09
27.47	1.08
27.49	1.12
27.52	1.11
27.54	1.1
27.57	1.11
27.59	1.11
27.61	1.12
27.64	1.12
27.66	1.11
27.69	1.11
27.71	1.11
27.74	1.11
27.76	1.12
27.78	1.12
27.81	1.14
27.83	1.14
27.86	1.15
27.88	1.16
27.91	1.18
27.93	1.16
27.96	1.17
27.98	1.15
28	1.16
28.03	1.17
28.05	1.16
28.08	1.15
28.1	1.16
28.13	1.16
28.15	1.18
28.18	1.18
28.2	1.19
28.22	1.2
28.25	1.21
28.27	1.2
28.3	1.21
28.32	1.2
28.35	1.21
28.37	1.19
28.4	1.21
28.42	1.21
28.44	1.2
28.47	1.19
28.49	1.22
28.52	1.21
28.54	1.22
28.57	1.21
28.59	1.22
28.62	1.24
28.64	1.25
28.66	1.22
28.69	1.24
28.71	1.22
28.74	1.24
28.76	1.24
28.79	1.24
28.81	1.23
28.84	1.26
28.86	1.28
28.88	1.31
28.91	1.3
28.93	1.29
28.96	1.31
28.98	1.31
29.01	1.3
29.03	1.29
29.05	1.28
29.08	1.28
29.1	1.28
29.13	1.28
29.15	1.28
29.18	1.26
29.2	1.27
29.23	1.28
29.25	1.28
29.27	1.28
29.3	1.28
29.32	1.28
29.35	1.31
29.37	1.3
29.4	1.29
29.42	1.29
29.45	1.3
29.47	1.29
29.49	1.3
29.52	1.28
29.54	1.29
29.57	1.28
29.59	1.29
29.62	1.31
29.64	1.32
29.67	1.3
29.69	1.32
29.71	1.3
29.74	1.31
29.76	1.3
29.79	1.29
29.81	1.27
29.84	1.28
29.86	1.27
29.89	1.28
29.91	1.25
29.93	1.26
29.96	1.27
29.98	1.28
30.01	1.27
30.03	1.29
30.06	1.28
30.08	1.31
30.1	1.3
30.13	1.3
30.15	1.3
30.18	1.31
30.2	1.29
30.23	1.31
30.25	1.3
30.28	1.31
30.3	1.3
30.32	1.3
30.35	1.3
30.37	1.31
30.4	1.28
30.42	1.28
30.45	1.26
30.47	1.25
30.5	1.24
30.52	1.23
30.54	1.24
30.57	1.25
30.59	1.24
30.62	1.26
30.64	1.24
30.67	1.24
30.69	1.25
30.72	1.25
30.74	1.24
30.76	1.23
30.79	1.23
30.81	1.25
30.84	1.27
30.86	1.26
30.89	1.27
30.91	1.26
30.94	1.27
30.96	1.28
30.98	1.29
31.01	1.28
31.03	1.29
31.06	1.28
31.08	1.3
31.11	1.29
31.13	1.28
31.15	1.27
31.18	1.27
31.2	1.26
31.23	1.27
31.25	1.24
31.28	1.26
31.3	1.25
31.33	1.25
31.35	1.25
31.37	1.25
31.4	1.24
31.42	1.27
31.45	1.25
31.47	1.27
31.5	1.26
31.52	1.27
31.55	1.27
31.57	1.3
31.59	1.29
31.62	1.31
31.64	1.29
31.67	1.3
31.69	1.31
31.72	1.33
31.74	1.31
31.77	1.31
31.79	1.29
31.81	1.33
31.84	1.33
31.86	1.32
31.89	1.33
31.91	1.34
31.94	1.33
31.96	1.36
31.99	1.34
32.01	1.35
32.03	1.34
32.06	1.34
32.08	1.35
32.11	1.36
32.13	1.35
32.16	1.38
32.18	1.37
32.2	1.39
32.23	1.39
32.25	1.4
32.28	1.41
32.3	1.42
32.33	1.41
32.35	1.43
32.38	1.44
32.4	1.44
32.42	1.46
32.45	1.46
32.47	1.48
32.5	1.49
32.52	1.49
32.55	1.5
32.57	1.52
32.6	1.5
32.62	1.51
32.64	1.49
32.67	1.5
32.69	1.5
32.72	1.51
32.74	1.51
32.77	1.51
32.79	1.52
32.82	1.54
32.84	1.54
32.86	1.55
32.89	1.56
32.91	1.58
32.94	1.58
32.96	1.6
32.99	1.59
33.01	1.62
33.04	1.6
33.06	1.6
33.08	1.59
33.11	1.6
33.13	1.59
33.16	1.64
33.18	1.62
33.21	1.64
33.23	1.64
33.26	1.65
33.28	1.66
33.3	1.67
33.33	1.63
33.35	1.66
33.38	1.64
33.4	1.65
33.43	1.65
33.45	1.65
33.47	1.65
33.5	1.66
33.52	1.65
33.55	1.68
33.57	1.67
33.6	1.67
33.62	1.69
33.65	1.7
33.67	1.69
33.69	1.7
33.72	1.69
33.74	1.7
33.77	1.7
33.79	1.68
33.82	1.68
33.84	1.68
33.87	1.67
33.89	1.7
33.91	1.69
33.94	1.7
33.96	1.71
33.99	1.69
34.01	1.71
34.04	1.71
34.06	1.69
34.09	1.69
34.11	1.68
34.13	1.67
34.16	1.67
34.18	1.65
34.21	1.65
34.23	1.64
34.26	1.64
34.28	1.64
34.31	1.64
34.33	1.64
34.35	1.67
34.38	1.66
34.4	1.67
34.43	1.67
34.45	1.66
34.48	1.66
34.5	1.66
34.52	1.62
34.55	1.64
34.57	1.62
34.6	1.62
34.62	1.63
34.65	1.63
34.67	1.63
34.7	1.64
34.72	1.62
34.74	1.65
34.77	1.64
34.79	1.63
34.82	1.61
34.84	1.59
34.87	1.57
34.89	1.58
34.92	1.54
34.94	1.55
34.96	1.53
34.99	1.53
35.01	1.54
35.04	1.55
35.06	1.53
35.09	1.56
35.11	1.55
35.14	1.56
35.16	1.55
35.18	1.56
35.21	1.55
35.23	1.56
35.26	1.52
35.28	1.53
35.31	1.51
35.33	1.52
35.36	1.53
35.38	1.53
35.4	1.53
35.43	1.54
35.45	1.53
35.48	1.56
35.5	1.55
35.53	1.53
35.55	1.53
35.57	1.5
35.6	1.51
35.62	1.52
35.65	1.51
35.67	1.51
35.7	1.5
35.72	1.49
35.75	1.51
35.77	1.5
35.79	1.5
35.82	1.51
35.84	1.52
35.87	1.52
35.89	1.54
35.92	1.52
35.94	1.53
35.97	1.53
35.99	1.51
36.01	1.52
36.04	1.52
36.06	1.51
36.09	1.53
36.11	1.52
36.14	1.54
36.16	1.53
36.19	1.55
36.21	1.57
36.23	1.58
36.26	1.58
36.28	1.59
36.31	1.56
36.33	1.58
36.36	1.57
36.38	1.57
36.41	1.57
36.43	1.58
36.45	1.57
36.48	1.62
36.5	1.62
36.53	1.64
36.55	1.65
36.58	1.66
36.6	1.67
36.62	1.69
36.65	1.68
36.67	1.7
36.7	1.7
36.72	1.7
36.75	1.7
36.77	1.71
36.8	1.71
36.82	1.73
36.84	1.73
36.87	1.76
36.89	1.76
36.92	1.77
36.94	1.8
36.97	1.81
36.99	1.81
37.02	1.82
37.04	1.8
37.06	1.8
37.09	1.81
37.11	1.8
37.14	1.82
37.16	1.83
37.19	1.84
37.21	1.87
37.24	1.87
37.26	1.88
37.28	1.92
37.31	1.92
37.33	1.93
37.36	1.93
37.38	1.93
37.41	1.96
37.43	1.97
37.46	1.96
37.48	1.98
37.5	1.97
37.53	1.99
37.55	2
37.58	2
37.6	2.01
37.63	2.02
37.65	2.01
37.68	2.07
37.7	2.06
37.72	2.08
37.75	2.08
37.77	2.07
37.8	2.07
37.82	2.09
37.85	2.06
37.87	2.08
37.89	2.06
37.92	2.07
37.94	2.09
37.97	2.1
37.99	2.1
38.02	2.14
38.04	2.13
38.07	2.15
38.09	2.15
38.11	2.16
38.14	2.14
38.16	2.15
38.19	2.13
38.21	2.16
38.24	2.13
38.26	2.15
38.29	2.14
38.31	2.16
38.33	2.15
38.36	2.16
38.38	2.14
38.41	2.19
38.43	2.17
38.46	2.17
38.48	2.17
38.51	2.14
38.53	2.14
38.55	2.15
38.58	2.13
38.6	2.14
38.63	2.11
38.65	2.11
38.68	2.14
38.7	2.14
38.73	2.12
38.75	2.1
38.77	2.09
38.8	2.11
38.82	2.12
38.85	2.11
38.87	2.11
38.9	2.11
38.92	2.1
38.94	2.11
38.97	2.09
38.99	2.07
39.02	2.08
39.04	2.05
39.07	2.05
39.09	2.05
39.12	2.04
39.14	2.07
39.16	2.07
39.19	2.05
39.21	2.06
39.24	2.02
39.26	2.03
39.29	2.01
39.31	1.97
39.34	1.96
39.36	1.95
39.38	1.93
39.41	1.95
39.43	1.94
39.46	1.95
39.48	1.94
39.51	1.94
39.53	1.94
39.56	1.95
39.58	1.93
39.6	1.93
39.63	1.9
39.65	1.91
39.68	1.9
39.7	1.88
39.73	1.85
39.75	1.87
39.78	1.85
39.8	1.87
39.82	1.86
39.85	1.86
39.87	1.89
39.9	1.89
39.92	1.86
39.95	1.88
39.97	1.84
39.99	1.83
40.02	1.81
40.04	1.8
40.07	1.79
40.09	1.79
40.12	1.77
40.14	1.79
40.17	1.78
40.19	1.78
40.21	1.78
40.24	1.78
40.26	1.79
40.29	1.8
40.31	1.77
40.34	1.78
40.36	1.79
40.39	1.79
40.41	1.81
40.43	1.78
40.46	1.77
40.48	1.78
40.51	1.78
40.53	1.79
40.56	1.79
40.58	1.77
40.61	1.81
40.63	1.81
40.65	1.82
40.68	1.81
40.7	1.82
40.73	1.81
40.75	1.81
40.78	1.8
40.8	1.83
40.83	1.81
40.85	1.82
40.87	1.82
40.9	1.84
40.92	1.85
40.95	1.87
40.97	1.86
41	1.89
41.02	1.9
41.05	1.91
41.07	1.91
41.09	1.94
41.12	1.93
41.14	1.96
41.17	1.94
41.19	1.95
41.22	1.96
41.24	1.98
41.26	1.98
41.29	2
41.31	2
41.34	2.05
41.36	2.05
41.39	2.08
41.41	2.08
41.44	2.1
41.46	2.1
41.48	2.14
41.51	2.12
41.53	2.15
41.56	2.13
41.58	2.15
41.61	2.16
41.63	2.19
41.66	2.18
41.68	2.22
41.7	2.22
41.73	2.27
41.75	2.29
41.78	2.31
41.8	2.32
41.83	2.34
41.85	2.35
41.88	2.38
41.9	2.37
41.92	2.39
41.95	2.4
41.97	2.41
42	2.43
42.02	2.44
42.05	2.44
42.07	2.48
42.1	2.48
42.12	2.49
42.14	2.5
42.17	2.5
42.19	2.52
42.22	2.54
42.24	2.55
42.27	2.56
42.29	2.56
42.31	2.56
42.34	2.6
42.36	2.6
42.39	2.62
42.41	2.63
42.44	2.65
42.46	2.67
42.49	2.69
42.51	2.68
42.53	2.71
42.56	2.7
42.58	2.71
42.61	2.72
42.63	2.72
42.66	2.72
42.68	2.74
42.71	2.73
42.73	2.75
42.75	2.75
42.78	2.75
42.8	2.76
42.83	2.75
42.85	2.73
42.88	2.75
42.9	2.73
42.93	2.74
42.95	2.72
42.97	2.74
43	2.74
43.02	2.74
43.05	2.72
43.07	2.75
43.1	2.73
43.12	2.75
43.15	2.72
43.17	2.73
43.19	2.73
43.22	2.74
43.24	2.71
43.27	2.72
43.29	2.7
43.32	2.71
43.34	2.71
43.36	2.7
43.39	2.68
43.41	2.69
43.44	2.67
43.46	2.68
43.49	2.67
43.51	2.64
43.54	2.64
43.56	2.63
43.58	2.63
43.61	2.62
43.63	2.6
43.66	2.58
43.68	2.57
43.71	2.56
43.73	2.56
43.76	2.52
43.78	2.51
43.8	2.5
43.83	2.5
43.85	2.49
43.88	2.49
43.9	2.47
43.93	2.48
43.95	2.47
43.98	2.45
44	2.43
44.02	2.42
44.05	2.39
44.07	2.4
44.1	2.38
44.12	2.36
44.15	2.35
44.17	2.35
44.2	2.35
44.22	2.36
44.24	2.33
44.27	2.34
44.29	2.31
44.32	2.32
44.34	2.3
44.37	2.29
44.39	2.27
44.41	2.27
44.44	2.24
44.46	2.25
44.49	2.21
44.51	2.2
44.54	2.2
44.56	2.19
44.59	2.17
44.61	2.18
44.63	2.14
44.66	2.16
44.68	2.15
44.71	2.15
44.73	2.15
44.76	2.15
44.78	2.13
44.81	2.16
44.83	2.15
44.85	2.17
44.88	2.15
44.9	2.15
44.93	2.14
44.95	2.15
44.98	2.12
45	2.12
45.03	2.11
45.05	2.1
45.07	2.09
45.1	2.09
45.12	2.1
45.15	2.11
45.17	2.12
45.2	2.13
45.22	2.1
45.25	2.11
45.27	2.13
45.29	2.14
45.32	2.13
45.34	2.14
45.37	2.14
45.39	2.17
45.42	2.19
45.44	2.18
45.47	2.18
45.49	2.18
45.51	2.18
45.54	2.2
45.56	2.22
45.59	2.22
45.61	2.23
45.64	2.24
45.66	2.27
45.68	2.28
45.71	2.28
45.73	2.28
45.76	2.29
45.78	2.29
45.81	2.31
45.83	2.3
45.86	2.33
45.88	2.33
45.9	2.36
45.93	2.37
45.95	2.39
45.98	2.4
46	2.44
46.03	2.45
46.05	2.48
46.08	2.49
46.1	2.52
46.12	2.53
46.15	2.56
46.17	2.55
46.2	2.58
46.22	2.57
46.25	2.61
46.27	2.63
46.3	2.67
46.32	2.68
46.34	2.72
46.37	2.73
46.39	2.79
46.42	2.79
46.44	2.8
46.47	2.81
46.49	2.82
46.52	2.82
46.54	2.86
46.56	2.86
46.59	2.89
46.61	2.89
46.64	2.93
46.66	2.96
46.69	2.99
46.71	3
46.73	3.03
46.76	3.04
46.78	3.07
46.81	3.09
46.83	3.11
46.86	3.13
46.88	3.15
46.91	3.15
46.93	3.18
46.95	3.2
46.98	3.2
47	3.25
47.03	3.26
47.05	3.27
47.08	3.28
47.1	3.3
47.13	3.33
47.15	3.34
47.17	3.33
47.2	3.36
47.22	3.36
47.25	3.39
47.27	3.39
47.3	3.4
47.32	3.39
47.35	3.4
47.37	3.38
47.39	3.41
47.42	3.41
47.44	3.43
47.47	3.45
47.49	3.46
47.52	3.46
47.54	3.49
47.57	3.48
47.59	3.49
47.61	3.48
47.64	3.48
47.66	3.48
47.69	3.49
47.71	3.47
47.74	3.5
47.76	3.48
47.78	3.49
47.81	3.47
47.83	3.47
47.86	3.47
47.88	3.48
47.91	3.43
47.93	3.44
47.96	3.41
47.98	3.41
48	3.39
48.03	3.37
48.05	3.35
48.08	3.36
48.1	3.33
48.13	3.34
48.15	3.32
48.18	3.32
48.2	3.33
48.22	3.32
48.25	3.31
48.27	3.29
48.3	3.27
48.32	3.27
48.35	3.25
48.37	3.22
48.4	3.21
48.42	3.19
48.44	3.18
48.47	3.19
48.49	3.16
48.52	3.15
48.54	3.14
48.57	3.11
48.59	3.11
48.62	3.08
48.64	3.05
48.66	3.03
48.69	3
48.71	2.97
48.74	2.96
48.76	2.92
48.79	2.91
48.81	2.88
48.84	2.86
48.86	2.85
48.88	2.84
48.91	2.82
48.93	2.81
48.96	2.79
48.98	2.79
49.01	2.75
49.03	2.74
49.05	2.72
49.08	2.71
49.1	2.69
49.13	2.68
49.15	2.66
49.18	2.68
49.2	2.67
49.23	2.65
49.25	2.63
49.27	2.62
49.3	2.6
49.32	2.61
49.35	2.59
49.37	2.58
49.4	2.55
49.42	2.56
49.45	2.55
49.47	2.56
49.49	2.52
49.52	2.53
49.54	2.5
49.57	2.51
49.59	2.49
49.62	2.5
49.64	2.47
49.67	2.48
49.69	2.47
49.71	2.49
49.74	2.45
49.76	2.46
49.79	2.47
49.81	2.49
49.84	2.48
49.86	2.5
49.89	2.48
49.91	2.51
49.93	2.5
49.96	2.5
49.98	2.49
50.01	2.5
50.03	2.49
50.06	2.52
50.08	2.53
50.1	2.54
50.13	2.55
50.15	2.57
50.18	2.58
50.2	2.59
50.23	2.58
50.25	2.6
50.28	2.6
50.3	2.61
50.32	2.62
50.35	2.63
50.37	2.65
50.4	2.66
50.42	2.67
50.45	2.69
50.47	2.69
50.5	2.69
50.52	2.73
50.54	2.75
50.57	2.77
50.59	2.79
50.62	2.81
50.64	2.84
50.67	2.88
50.69	2.87
50.72	2.91
50.74	2.92
50.76	2.95
50.79	2.98
50.81	3.02
50.84	3.03
50.86	3.08
50.89	3.09
50.91	3.14
50.94	3.15
50.96	3.18
50.98	3.2
51.01	3.22
51.03	3.23
51.06	3.28
51.08	3.28
51.11	3.32
51.13	3.33
51.15	3.36
51.18	3.39
51.2	3.42
51.23	3.43
51.25	3.49
51.28	3.5
51.3	3.54
51.33	3.56
51.35	3.6
51.37	3.64
51.4	3.68
51.42	3.68
51.45	3.72
51.47	3.74
51.5	3.78
51.52	3.82
51.55	3.87
51.57	3.88
51.59	3.92
51.62	3.93
51.64	3.97
51.67	3.99
51.69	3.99
51.72	4
51.74	4.02
51.77	4.03
51.79	4.07
51.81	4.08
51.84	4.1
51.86	4.11
51.89	4.12
51.91	4.18
51.94	4.19
51.96	4.19
51.99	4.22
52.01	4.22
52.03	4.24
52.06	4.26
52.08	4.24
52.11	4.27
52.13	4.28
52.16	4.27
52.18	4.27
52.2	4.28
52.23	4.29
52.25	4.32
52.28	4.31
52.3	4.33
52.33	4.34
52.35	4.35
52.38	4.35
52.4	4.35
52.42	4.32
52.45	4.33
52.47	4.3
52.5	4.3
52.52	4.29
52.55	4.28
52.57	4.27
52.6	4.27
52.62	4.24
52.64	4.26
52.67	4.23
52.69	4.23
52.72	4.22
52.74	4.21
52.77	4.19
52.79	4.19
52.82	4.15
52.84	4.16
52.86	4.13
52.89	4.11
52.91	4.09
52.94	4.08
52.96	4.04
52.99	4.06
53.01	4.03
53.04	4.02
53.06	4
53.08	3.99
53.11	3.97
53.13	3.96
53.16	3.9
53.18	3.88
53.21	3.83
53.23	3.81
53.26	3.76
53.28	3.74
53.3	3.72
53.33	3.71
53.35	3.68
53.38	3.68
53.4	3.65
53.43	3.63
53.45	3.62
53.47	3.6
53.5	3.58
53.52	3.56
53.55	3.53
53.57	3.51
53.6	3.5
53.62	3.45
53.65	3.43
53.67	3.4
53.69	3.37
53.72	3.38
53.74	3.36
53.77	3.34
53.79	3.33
53.82	3.29
53.84	3.3
53.87	3.27
53.89	3.24
53.91	3.21
53.94	3.18
53.96	3.16
53.99	3.16
54.01	3.12
54.04	3.11
54.06	3.08
54.09	3.07
54.11	3.06
54.13	3.05
54.16	3.03
54.18	3.06
54.21	3.04
54.23	3.05
54.26	3.04
54.28	3.03
54.31	3.01
54.33	3.02
54.35	2.97
54.38	2.98
54.4	2.95
54.43	2.95
54.45	2.97
54.48	2.98
54.5	2.97
54.52	2.99
54.55	2.97
54.57	3
54.6	2.99
54.62	2.98
54.65	2.97
54.67	2.96
54.7	2.95
54.72	2.98
54.74	2.96
54.77	2.99
54.79	2.98
54.82	2.99
54.84	3.01
54.87	3.03
54.89	3.03
54.92	3.06
54.94	3.06
54.96	3.08
54.99	3.09
55.01	3.11
55.04	3.12
55.06	3.13
55.09	3.12
55.11	3.14
55.14	3.16
55.16	3.17
55.18	3.21
55.21	3.22
55.23	3.24
55.26	3.27
55.28	3.3
55.31	3.35
55.33	3.39
55.36	3.39
55.38	3.44
55.4	3.44
55.43	3.48
55.45	3.5
55.48	3.51
55.5	3.53
55.53	3.56
55.55	3.56
55.57	3.61
55.6	3.64
55.62	3.68
55.65	3.73
55.67	3.78
55.7	3.8
55.72	3.85
55.75	3.88
55.77	3.92
55.79	3.95
55.82	3.96
55.84	3.98
55.87	4.02
55.89	4.05
55.92	4.11
55.94	4.14
55.97	4.19
55.99	4.23
56.01	4.27
56.04	4.33
56.06	4.37
56.09	4.38
56.11	4.43
56.14	4.44
56.16	4.48
56.19	4.5
56.21	4.52
56.23	4.55
56.26	4.58
56.28	4.61
56.31	4.66
56.33	4.68
56.36	4.73
56.38	4.8
56.41	4.84
56.43	4.88
56.45	4.91
56.48	4.94
56.5	4.97
56.53	5
56.55	4.99
56.58	5.03
56.6	5.03
56.62	5.06
56.65	5.08
56.67	5.11
56.7	5.12
56.72	5.14
56.75	5.13
56.77	5.18
56.8	5.2
56.82	5.22
56.84	5.24
56.87	5.25
56.89	5.25
56.92	5.28
56.94	5.26
56.97	5.28
56.99	5.27
57.02	5.28
57.04	5.3
57.06	5.31
57.09	5.3
57.11	5.34
57.14	5.34
57.16	5.35
57.19	5.34
57.21	5.34
57.24	5.34
57.26	5.34
57.28	5.29
57.31	5.3
57.33	5.26
57.36	5.26
57.38	5.24
57.41	5.24
57.43	5.22
57.46	5.22
57.48	5.18
57.5	5.22
57.53	5.2
57.55	5.19
57.58	5.16
57.6	5.12
57.63	5.09
57.65	5.08
57.68	5.02
57.7	5.01
57.72	4.96
57.75	4.95
57.77	4.94
57.8	4.92
57.82	4.88
57.85	4.88
57.87	4.84
57.89	4.84
57.92	4.8
57.94	4.78
57.97	4.77
57.99	4.75
58.02	4.69
58.04	4.67
58.07	4.62
58.09	4.59
58.11	4.56
58.14	4.5
58.16	4.46
58.19	4.43
58.21	4.39
58.24	4.39
58.26	4.36
58.29	4.31
58.31	4.29
58.33	4.25
58.36	4.23
58.38	4.2
58.41	4.15
58.43	4.13
58.46	4.1
58.48	4.06
58.51	4.05
58.53	4.02
58.55	3.98
58.58	3.95
58.6	3.93
58.63	3.91
58.65	3.89
58.68	3.86
58.7	3.86
58.73	3.83
58.75	3.81
58.77	3.79
58.8	3.75
58.82	3.73
58.85	3.71
58.87	3.67
58.9	3.67
58.92	3.65
58.94	3.64
58.97	3.66
58.99	3.65
59.02	3.63
59.04	3.63
59.07	3.6
59.09	3.6
59.12	3.58
59.14	3.55
59.16	3.53
59.19	3.53
59.21	3.52
59.24	3.55
59.26	3.53
59.29	3.53
59.31	3.53
59.34	3.54
59.36	3.54
59.38	3.55
59.41	3.53
59.43	3.55
59.46	3.55
59.48	3.56
59.51	3.57
59.53	3.56
59.56	3.56
59.58	3.59
59.6	3.59
59.63	3.61
59.65	3.62
59.68	3.63
59.7	3.68
59.73	3.69
59.75	3.7
59.78	3.72
59.8	3.72
59.82	3.74
59.85	3.77
59.87	3.77
59.9	3.81
59.92	3.83
59.95	3.83
59.97	3.85
59.99	3.84
