U1	IA
0.02	0.5
0.04	0.51
0.07	0.53
0.09	0.53
0.12	0.52
0.14	0.53
0.17	0.54
0.19	0.53
0.21	0.52
0.24	0.5
0.26	0.5
0.29	0.51
0.31	0.51
0.34	0.54
0.36	0.53
0.39	0.54
0.41	0.55
0.43	0.57
0.46	0.58
0.48	0.59
0.51	0.53
0.53	0.56
0.56	0.52
0.58	0.54
0.61	0.51
0.63	0.52
0.65	0.48
0.68	0.51
0.7	0.47
0.73	0.51
0.75	0.47
0.78	0.5
0.8	0.5
0.83	0.52
0.85	0.52
0.87	0.56
0.9	0.53
0.92	0.54
0.95	0.53
0.97	0.54
1	0.55
1.02	0.55
1.05	0.54
1.07	0.58
1.09	0.59
1.12	0.61
1.14	0.61
1.17	0.58
1.19	0.59
1.22	0.58
1.24	0.56
1.26	0.55
1.29	0.51
1.31	0.49
1.34	0.5
1.36	0.5
1.39	0.51
1.41	0.51
1.44	0.52
1.46	0.55
1.48	0.56
1.51	0.55
1.53	0.56
1.56	0.57
1.58	0.56
1.61	0.58
1.63	0.57
1.66	0.56
1.68	0.56
1.7	0.55
1.73	0.56
1.75	0.56
1.78	0.54
1.8	0.55
1.83	0.56
1.85	0.58
1.88	0.57
1.9	0.56
1.92	0.58
1.95	0.58
1.97	0.57
2	0.56
2.02	0.55
2.05	0.53
2.07	0.54
2.1	0.5
2.12	0.53
2.14	0.5
2.17	0.5
2.19	0.48
2.22	0.5
2.24	0.48
2.27	0.55
2.29	0.52
2.31	0.56
2.34	0.53
2.36	0.55
2.39	0.55
2.41	0.56
2.44	0.49
2.46	0.51
2.49	0.48
2.51	0.52
2.53	0.53
2.56	0.53
2.58	0.52
2.61	0.54
2.63	0.53
2.66	0.57
2.68	0.56
2.71	0.53
2.73	0.53
2.75	0.53
2.78	0.53
2.8	0.53
2.83	0.49
2.85	0.49
2.88	0.5
2.9	0.5
2.93	0.52
2.95	0.51
2.97	0.51
3	0.55
3.02	0.54
3.05	0.54
3.07	0.54
3.1	0.54
3.12	0.55
3.15	0.56
3.17	0.53
3.19	0.55
3.22	0.53
3.24	0.54
3.27	0.55
3.29	0.57
3.32	0.57
3.34	0.57
3.36	0.55
3.39	0.58
3.41	0.58
3.44	0.55
3.46	0.54
3.49	0.51
3.51	0.52
3.54	0.53
3.56	0.53
3.58	0.51
3.61	0.52
3.63	0.49
3.66	0.54
3.68	0.53
3.71	0.54
3.73	0.54
3.76	0.55
3.78	0.54
3.8	0.58
3.83	0.54
3.85	0.57
3.88	0.53
3.9	0.52
3.93	0.49
3.95	0.53
3.98	0.49
4	0.54
4.02	0.5
4.05	0.54
4.07	0.54
4.1	0.58
4.12	0.55
4.15	0.57
4.17	0.53
4.2	0.56
4.22	0.52
4.24	0.52
4.27	0.49
4.29	0.49
4.32	0.5
4.34	0.51
4.37	0.48
4.39	0.51
4.42	0.51
4.44	0.55
4.46	0.58
4.49	0.57
4.51	0.58
4.54	0.59
4.56	0.59
4.59	0.6
4.61	0.58
4.63	0.56
4.66	0.57
4.68	0.57
4.71	0.56
4.73	0.56
4.76	0.55
4.78	0.56
4.81	0.56
4.83	0.56
4.85	0.58
4.88	0.58
4.9	0.57
4.93	0.58
4.95	0.55
4.98	0.55
5	0.54
5.03	0.51
5.05	0.5
5.07	0.51
5.1	0.51
5.12	0.52
5.15	0.51
5.17	0.49
5.2	0.54
5.22	0.55
5.25	0.56
5.27	0.55
5.29	0.56
5.32	0.56
5.34	0.59
5.37	0.54
5.39	0.55
5.42	0.49
5.44	0.51
5.47	0.49
5.49	0.52
5.51	0.5
5.54	0.54
5.56	0.48
5.59	0.55
5.61	0.51
5.64	0.55
5.66	0.51
5.68	0.49
5.71	0.48
5.73	0.52
5.76	0.48
5.78	0.51
5.81	0.47
5.83	0.48
5.86	0.51
5.88	0.53
5.9	0.53
5.93	0.54
5.95	0.51
5.98	0.54
6	0.54
6.03	0.53
6.05	0.51
6.08	0.51
6.1	0.51
6.12	0.55
6.15	0.54
6.17	0.54
6.2	0.55
6.22	0.55
6.25	0.55
6.27	0.56
6.3	0.54
6.32	0.57
6.34	0.57
6.37	0.56
6.39	0.55
6.42	0.53
6.44	0.51
6.47	0.52
6.49	0.5
6.52	0.53
6.54	0.52
6.56	0.52
6.59	0.52
6.61	0.53
6.64	0.53
6.66	0.55
6.69	0.53
6.71	0.52
6.73	0.54
6.76	0.54
6.78	0.56
6.81	0.54
6.83	0.53
6.86	0.53
6.88	0.54
6.91	0.53
6.93	0.55
6.95	0.52
6.98	0.54
7	0.53
7.03	0.54
7.05	0.57
7.08	0.58
7.1	0.54
7.13	0.57
7.15	0.51
7.17	0.56
7.2	0.54
7.22	0.55
7.25	0.51
7.27	0.56
7.3	0.54
7.32	0.59
7.35	0.53
7.37	0.54
7.39	0.52
7.42	0.57
7.44	0.55
7.47	0.55
7.49	0.51
7.52	0.53
7.54	0.54
7.57	0.57
7.59	0.55
7.61	0.53
7.64	0.54
7.66	0.58
7.69	0.57
7.71	0.57
7.74	0.54
7.76	0.53
7.78	0.57
7.81	0.58
7.83	0.55
7.86	0.56
7.88	0.54
7.91	0.54
7.93	0.55
7.96	0.53
7.98	0.54
8	0.53
8.03	0.52
8.05	0.56
8.08	0.54
8.1	0.55
8.13	0.54
8.15	0.55
8.18	0.56
8.2	0.58
8.22	0.56
8.25	0.56
8.27	0.57
8.3	0.59
8.32	0.6
8.35	0.59
8.37	0.57
8.4	0.56
8.42	0.56
8.44	0.57
8.47	0.58
8.49	0.56
8.52	0.59
8.54	0.59
8.57	0.62
8.59	0.62
8.62	0.61
8.64	0.59
8.66	0.6
8.69	0.56
8.71	0.6
8.74	0.56
8.76	0.56
8.79	0.54
8.81	0.56
8.84	0.52
8.86	0.58
8.88	0.55
8.91	0.59
8.93	0.56
8.96	0.59
8.98	0.57
9.01	0.62
9.03	0.57
9.05	0.59
9.08	0.56
9.1	0.61
9.13	0.61
9.15	0.61
9.18	0.57
9.2	0.58
9.23	0.56
9.25	0.61
9.27	0.58
9.3	0.57
9.32	0.56
9.35	0.59
9.37	0.59
9.4	0.6
9.42	0.56
9.45	0.58
9.47	0.56
9.49	0.58
9.52	0.58
9.54	0.57
9.57	0.57
9.59	0.59
9.62	0.58
9.64	0.61
9.67	0.62
9.69	0.63
9.71	0.64
9.74	0.66
9.76	0.65
9.79	0.68
9.81	0.64
9.84	0.64
9.86	0.64
9.89	0.66
9.91	0.66
9.93	0.67
9.96	0.65
9.98	0.69
10.01	0.69
10.03	0.67
10.06	0.66
10.08	0.64
10.1	0.65
10.13	0.66
10.15	0.66
10.18	0.64
10.2	0.62
10.23	0.61
10.25	0.64
10.28	0.63
10.3	0.64
10.32	0.61
10.35	0.64
10.37	0.65
10.4	0.69
10.42	0.66
10.45	0.71
10.47	0.65
10.5	0.69
10.52	0.66
10.54	0.7
10.57	0.67
10.59	0.69
10.62	0.63
10.64	0.69
10.67	0.68
10.69	0.73
10.72	0.69
10.74	0.7
10.76	0.68
10.79	0.73
10.81	0.7
10.84	0.7
10.86	0.64
10.89	0.65
10.91	0.68
10.94	0.68
10.96	0.64
10.98	0.64
11.01	0.63
11.03	0.68
11.06	0.68
11.08	0.66
11.11	0.67
11.13	0.7
11.15	0.69
11.18	0.73
11.2	0.72
11.23	0.72
11.25	0.75
11.28	0.76
11.3	0.75
11.33	0.78
11.35	0.76
11.37	0.78
11.4	0.79
11.42	0.77
11.45	0.78
11.47	0.78
11.5	0.75
11.52	0.77
11.55	0.76
11.57	0.76
11.59	0.76
11.62	0.74
11.64	0.74
11.67	0.74
11.69	0.72
11.72	0.72
11.74	0.72
11.77	0.72
11.79	0.75
11.81	0.75
11.84	0.79
11.86	0.77
11.89	0.77
11.91	0.77
11.94	0.78
11.96	0.76
11.99	0.79
12.01	0.76
12.03	0.77
12.06	0.76
12.08	0.8
12.11	0.78
12.13	0.83
12.16	0.77
12.18	0.81
12.21	0.78
12.23	0.82
12.25	0.78
12.28	0.8
12.3	0.74
12.33	0.79
12.35	0.77
12.38	0.81
12.4	0.74
12.42	0.74
12.45	0.75
12.47	0.8
12.5	0.77
12.52	0.76
12.55	0.74
12.57	0.79
12.6	0.81
12.62	0.81
12.64	0.78
12.67	0.79
12.69	0.8
12.72	0.86
12.74	0.87
12.77	0.86
12.79	0.86
12.82	0.88
12.84	0.91
12.86	0.93
12.89	0.89
12.91	0.89
12.94	0.9
12.96	0.9
12.99	0.89
13.01	0.88
13.04	0.87
13.06	0.87
13.08	0.87
13.11	0.87
13.13	0.84
13.16	0.85
13.18	0.84
13.21	0.86
13.23	0.86
13.26	0.87
13.28	0.88
13.3	0.9
13.33	0.91
13.35	0.92
13.38	0.93
13.4	0.9
13.43	0.88
13.45	0.89
13.47	0.91
13.5	0.9
13.52	0.91
13.55	0.89
13.57	0.93
13.6	0.93
13.62	0.94
13.65	0.92
13.67	0.95
13.69	0.9
13.72	0.94
13.74	0.9
13.77	0.95
13.79	0.91
13.82	0.97
13.84	0.93
13.87	0.97
13.89	0.94
13.91	1
13.94	0.95
13.96	0.98
13.99	0.94
14.01	0.99
14.04	0.97
14.06	0.99
14.09	0.93
14.11	0.96
14.13	0.95
14.16	0.99
14.18	1
14.21	1.01
14.23	0.99
14.26	1.03
14.28	1.02
14.31	1.06
14.33	1.01
14.35	0.99
14.38	0.99
14.4	1
14.43	1
14.45	1.01
14.48	0.99
14.5	1.02
14.52	1.03
14.55	1.05
14.57	1.05
14.6	1.05
14.62	1.04
14.65	1.07
14.67	1.06
14.7	1.06
14.72	1.04
14.74	1.06
14.77	1.05
14.79	1.07
14.82	1.05
14.84	1.05
14.87	1.02
14.89	1.02
14.92	1.04
14.94	1.04
14.96	1.02
14.99	1.01
15.01	1.02
15.04	1.06
15.06	1.08
15.09	1.03
15.11	1.03
15.14	1.01
15.16	1.03
15.18	1.03
15.21	1.03
15.23	1
15.26	1.02
15.28	1.02
15.31	1.07
15.33	1.05
15.36	1.06
15.38	1.04
15.4	1.08
15.43	1.07
15.45	1.11
15.48	1.06
15.5	1.1
15.53	1.05
15.55	1.08
15.57	1.05
15.6	1.05
15.62	1.01
15.65	1.03
15.67	1.01
15.7	1.07
15.72	1.04
15.75	1.06
15.77	1.06
15.79	1.08
15.82	1.07
15.84	1.1
15.87	1.07
15.89	1.08
15.92	1.07
15.94	1.09
15.97	1.1
15.99	1.11
16.01	1.09
16.04	1.1
16.06	1.1
16.09	1.14
16.11	1.15
16.14	1.15
16.16	1.15
16.19	1.16
16.21	1.15
16.23	1.17
16.26	1.15
16.28	1.13
16.31	1.14
16.33	1.14
16.36	1.12
16.38	1.16
16.41	1.14
16.43	1.15
16.45	1.15
16.48	1.16
16.5	1.18
16.53	1.19
16.55	1.16
16.58	1.18
16.6	1.16
16.63	1.17
16.65	1.16
16.67	1.13
16.7	1.15
16.72	1.16
16.75	1.16
16.77	1.17
16.8	1.17
16.82	1.16
16.84	1.23
16.87	1.22
16.89	1.24
16.92	1.22
16.94	1.24
16.97	1.23
16.99	1.27
17.02	1.22
17.04	1.25
17.06	1.2
17.09	1.24
17.11	1.2
17.14	1.26
17.16	1.23
17.19	1.26
17.21	1.2
17.24	1.28
17.26	1.24
17.28	1.28
17.31	1.23
17.33	1.24
17.36	1.22
17.38	1.3
17.41	1.26
17.43	1.29
17.46	1.26
17.48	1.28
17.5	1.3
17.53	1.34
17.55	1.31
17.58	1.35
17.6	1.35
17.63	1.4
17.65	1.42
17.68	1.43
17.7	1.4
17.72	1.4
17.75	1.38
17.77	1.4
17.8	1.38
17.82	1.38
17.85	1.37
17.87	1.4
17.89	1.4
17.92	1.42
17.94	1.42
17.97	1.47
17.99	1.47
18.02	1.51
18.04	1.5
18.07	1.51
18.09	1.49
18.11	1.51
18.14	1.48
18.16	1.52
18.19	1.5
18.21	1.5
18.24	1.5
18.26	1.52
18.29	1.53
18.31	1.55
18.33	1.53
18.36	1.53
18.38	1.55
18.41	1.56
18.43	1.57
18.46	1.55
18.48	1.53
18.51	1.52
18.53	1.54
18.55	1.54
18.58	1.55
18.6	1.52
18.63	1.53
18.65	1.53
18.68	1.58
18.7	1.61
18.73	1.63
18.75	1.59
18.77	1.63
18.8	1.57
18.82	1.62
18.85	1.58
18.87	1.57
18.9	1.52
18.92	1.56
18.94	1.55
18.97	1.63
18.99	1.57
19.02	1.58
19.04	1.58
19.07	1.65
19.09	1.64
19.12	1.63
19.14	1.58
19.16	1.59
19.19	1.61
19.21	1.62
19.24	1.59
19.26	1.57
19.29	1.57
19.31	1.61
19.34	1.61
19.36	1.6
19.38	1.58
19.41	1.58
19.43	1.62
19.46	1.63
19.48	1.63
19.51	1.64
19.53	1.62
19.56	1.64
19.58	1.63
19.6	1.63
19.63	1.64
19.65	1.63
19.68	1.61
19.7	1.65
19.73	1.63
19.75	1.64
19.78	1.63
19.8	1.63
19.82	1.63
19.85	1.65
19.87	1.63
19.9	1.64
19.92	1.62
19.95	1.63
19.97	1.64
19.99	1.6
20.02	1.58
20.04	1.57
20.07	1.59
20.09	1.6
20.12	1.61
20.14	1.57
20.17	1.62
20.19	1.61
20.21	1.63
20.24	1.61
20.26	1.59
20.29	1.55
20.31	1.57
20.34	1.53
20.36	1.57
20.39	1.53
20.41	1.56
20.43	1.55
20.46	1.58
20.48	1.53
20.51	1.6
20.53	1.55
20.56	1.61
20.58	1.56
20.61	1.59
20.63	1.58
20.65	1.63
20.68	1.58
20.7	1.61
20.73	1.57
20.75	1.62
20.78	1.6
20.8	1.59
20.83	1.56
20.85	1.56
20.87	1.56
20.9	1.61
20.92	1.59
20.95	1.59
20.97	1.6
21	1.62
21.02	1.64
21.05	1.64
21.07	1.61
21.09	1.63
21.12	1.63
21.14	1.65
21.17	1.68
21.19	1.68
21.22	1.69
21.24	1.72
21.26	1.72
21.29	1.75
21.31	1.75
21.34	1.74
21.36	1.74
21.39	1.75
21.41	1.74
21.44	1.77
21.46	1.74
21.48	1.76
21.51	1.78
21.53	1.8
21.56	1.8
21.58	1.81
21.61	1.79
21.63	1.85
21.66	1.85
21.68	1.83
21.7	1.83
21.73	1.83
21.75	1.86
21.78	1.88
21.8	1.89
21.83	1.89
21.85	1.9
21.88	1.91
21.9	1.96
21.92	1.95
21.95	1.98
21.97	1.95
22	1.99
22.02	1.99
22.05	2.03
22.07	2
22.1	2.05
22.12	2
22.14	2.05
22.17	2.02
22.19	2.08
22.22	2.05
22.24	2.09
22.27	2.05
22.29	2.13
22.31	2.13
22.34	2.17
22.36	2.14
22.39	2.17
22.41	2.16
22.44	2.23
22.46	2.2
22.49	2.22
22.51	2.19
22.53	2.22
22.56	2.24
22.58	2.26
22.61	2.24
22.63	2.27
22.66	2.27
22.68	2.33
22.71	2.36
22.73	2.35
22.75	2.37
22.78	2.4
22.8	2.4
22.83	2.44
22.85	2.44
22.88	2.43
22.9	2.47
22.93	2.46
22.95	2.46
22.97	2.47
23	2.45
23.02	2.47
23.05	2.48
23.07	2.47
23.1	2.49
23.12	2.49
23.15	2.47
23.17	2.49
23.19	2.48
23.22	2.49
23.24	2.47
23.27	2.48
23.29	2.48
23.32	2.47
23.34	2.47
23.36	2.46
23.39	2.46
23.41	2.45
23.44	2.47
23.46	2.48
23.49	2.52
23.51	2.5
23.54	2.51
23.56	2.49
23.58	2.51
23.61	2.5
23.63	2.53
23.66	2.49
23.68	2.51
23.71	2.47
23.73	2.52
23.76	2.51
23.78	2.53
23.8	2.45
23.83	2.48
23.85	2.43
23.88	2.49
23.9	2.43
23.93	2.43
23.95	2.38
23.98	2.43
24	2.4
24.02	2.44
24.05	2.36
24.07	2.38
24.1	2.38
24.12	2.41
24.15	2.39
24.17	2.39
24.2	2.34
24.22	2.39
24.24	2.39
24.27	2.38
24.29	2.35
24.32	2.33
24.34	2.32
24.37	2.36
24.39	2.35
24.42	2.34
24.44	2.33
24.46	2.31
24.49	2.32
24.51	2.32
24.54	2.3
24.56	2.3
24.59	2.29
24.61	2.29
24.63	2.29
24.66	2.28
24.68	2.26
24.71	2.25
24.73	2.24
24.76	2.26
24.78	2.23
24.81	2.24
24.83	2.22
24.85	2.24
24.88	2.24
24.9	2.25
24.93	2.22
24.95	2.24
24.98	2.24
25	2.24
25.03	2.24
25.05	2.21
25.07	2.21
25.1	2.22
25.12	2.22
25.15	2.22
25.17	2.23
25.2	2.21
25.22	2.23
25.25	2.22
25.27	2.22
25.29	2.21
25.32	2.22
25.34	2.17
25.37	2.19
25.39	2.14
25.42	2.19
25.44	2.17
25.47	2.21
25.49	2.16
25.51	2.19
25.54	2.16
25.56	2.25
25.59	2.21
25.61	2.25
25.64	2.23
25.66	2.29
25.68	2.3
25.71	2.34
25.73	2.28
25.76	2.31
25.78	2.3
25.81	2.35
25.83	2.36
25.86	2.36
25.88	2.35
25.9	2.38
25.93	2.38
25.95	2.41
25.98	2.38
26	2.36
26.03	2.38
26.05	2.42
26.08	2.44
26.1	2.45
26.12	2.45
26.15	2.49
26.17	2.51
26.2	2.53
26.22	2.54
26.25	2.55
26.27	2.58
26.3	2.63
26.32	2.65
26.34	2.67
26.37	2.7
26.39	2.74
26.42	2.76
26.44	2.82
26.47	2.82
26.49	2.86
26.52	2.85
26.54	2.89
26.56	2.92
26.59	2.94
26.61	2.94
26.64	2.96
26.66	2.97
26.69	3.03
26.71	3.05
26.73	3.04
26.76	3.06
26.78	3.07
26.81	3.11
26.83	3.12
26.86	3.16
26.88	3.15
26.91	3.19
26.93	3.21
26.95	3.27
26.98	3.27
27	3.32
27.03	3.31
27.05	3.36
27.08	3.35
27.1	3.42
27.13	3.4
27.15	3.47
27.17	3.42
27.2	3.46
27.22	3.46
27.25	3.52
27.27	3.48
27.3	3.54
27.32	3.51
27.35	3.6
27.37	3.61
27.39	3.63
27.42	3.62
27.44	3.66
27.47	3.65
27.49	3.71
27.52	3.7
27.54	3.72
27.57	3.71
27.59	3.75
27.61	3.77
27.64	3.79
27.66	3.76
27.69	3.78
27.71	3.78
27.74	3.82
27.76	3.85
27.78	3.84
27.81	3.85
27.83	3.87
27.86	3.87
27.88	3.91
27.91	3.89
27.93	3.86
27.96	3.88
27.98	3.87
28	3.87
28.03	3.87
28.05	3.84
28.08	3.85
28.1	3.85
28.13	3.85
28.15	3.86
28.18	3.84
28.2	3.79
28.22	3.79
28.25	3.76
28.27	3.77
28.3	3.75
28.32	3.71
28.35	3.72
28.37	3.72
28.4	3.72
28.42	3.7
28.44	3.67
28.47	3.64
28.49	3.68
28.52	3.66
28.54	3.67
28.57	3.63
28.59	3.64
28.62	3.61
28.64	3.64
28.66	3.58
28.69	3.57
28.71	3.49
28.74	3.5
28.76	3.47
28.79	3.52
28.81	3.47
28.84	3.49
28.86	3.42
28.88	3.47
28.91	3.43
28.93	3.41
28.96	3.34
28.98	3.32
29.01	3.26
29.03	3.31
29.05	3.26
29.08	3.26
29.1	3.21
29.13	3.21
29.15	3.21
29.18	3.23
29.2	3.2
29.23	3.2
29.25	3.17
29.27	3.18
29.3	3.18
29.32	3.16
29.35	3.13
29.37	3.11
29.4	3.09
29.42	3.1
29.45	3.08
29.47	3.05
29.49	3.06
29.52	3.05
29.54	3.04
29.57	3.03
29.59	3
29.62	3.02
29.64	3.01
29.67	3
29.69	2.99
29.71	2.97
29.74	2.96
29.76	2.97
29.79	2.93
29.81	2.95
29.84	2.93
29.86	2.93
29.89	2.95
29.91	2.97
29.93	2.97
29.96	3.01
29.98	3
30.01	3.01
30.03	3.03
30.06	3.04
30.08	3.03
30.1	3.02
30.13	2.99
30.15	2.99
30.18	2.99
30.2	2.99
30.23	3
30.25	2.99
30.28	3.03
30.3	3.02
30.32	3.07
30.35	3.08
30.37	3.11
30.4	3.09
30.42	3.14
30.45	3.1
30.47	3.19
30.5	3.17
30.52	3.22
30.54	3.19
30.57	3.25
30.59	3.24
30.62	3.34
30.64	3.29
30.67	3.32
30.69	3.33
30.72	3.42
30.74	3.41
30.76	3.46
30.79	3.44
30.81	3.48
30.84	3.52
30.86	3.56
30.89	3.57
30.91	3.59
30.94	3.62
30.96	3.69
30.98	3.73
31.01	3.78
31.03	3.78
31.06	3.82
31.08	3.89
31.11	3.93
31.13	3.96
31.15	3.99
31.18	4
31.2	4.05
31.23	4.1
31.25	4.13
31.28	4.17
31.3	4.22
31.33	4.27
31.35	4.36
31.37	4.37
31.4	4.41
31.42	4.46
31.45	4.5
31.47	4.53
31.5	4.6
31.52	4.62
31.55	4.68
31.57	4.72
31.59	4.76
31.62	4.83
31.64	4.87
31.67	4.89
31.69	4.93
31.72	4.96
31.74	5.03
31.77	5.08
31.79	5.07
31.81	5.15
31.84	5.17
31.86	5.23
31.89	5.27
31.91	5.29
31.94	5.28
31.96	5.34
31.99	5.31
32.01	5.4
32.03	5.39
32.06	5.44
32.08	5.44
32.11	5.5
32.13	5.48
32.16	5.58
32.18	5.55
32.2	5.61
32.23	5.58
32.25	5.65
32.28	5.67
32.3	5.73
32.33	5.67
32.35	5.72
32.38	5.7
32.4	5.77
32.42	5.76
32.45	5.75
32.47	5.72
32.5	5.74
32.52	5.73
32.55	5.78
32.57	5.74
32.6	5.73
32.62	5.72
32.64	5.72
32.67	5.73
32.69	5.71
32.72	5.68
32.74	5.69
32.77	5.66
32.79	5.67
32.82	5.68
32.84	5.66
32.86	5.64
32.89	5.63
32.91	5.61
32.94	5.63
32.96	5.6
32.99	5.57
33.01	5.57
33.04	5.55
33.06	5.51
33.08	5.5
33.11	5.42
33.13	5.4
33.16	5.37
33.18	5.34
33.21	5.3
33.23	5.26
33.26	5.21
33.28	5.24
33.3	5.21
33.33	5.16
33.35	5.11
33.38	5.05
33.4	5.04
33.43	5.01
33.45	4.96
33.47	4.92
33.5	4.89
33.52	4.84
33.55	4.87
33.57	4.82
33.6	4.8
33.62	4.73
33.65	4.73
33.67	4.68
33.69	4.68
33.72	4.62
33.74	4.63
33.77	4.55
33.79	4.56
33.82	4.48
33.84	4.49
33.87	4.42
33.89	4.4
33.91	4.33
33.94	4.36
33.96	4.31
33.99	4.32
34.01	4.29
34.04	4.28
34.06	4.25
34.09	4.26
34.11	4.2
34.13	4.19
34.16	4.12
34.18	4.1
34.21	4.09
34.23	4.08
34.26	4.04
34.28	4.03
34.31	4.02
34.33	4.03
34.35	4.02
34.38	4
34.4	3.97
34.43	3.97
34.45	3.95
34.48	3.95
34.5	3.95
34.52	3.93
34.55	3.94
34.57	3.94
34.6	3.92
34.62	3.93
34.65	3.91
34.67	3.93
34.7	3.94
34.72	3.95
34.74	4
34.77	4.03
34.79	4.03
34.82	4.06
34.84	4.06
34.87	4.08
34.89	4.08
34.92	4.06
34.94	4.07
34.96	4.09
34.99	4.1
35.01	4.11
35.04	4.12
35.06	4.13
35.09	4.19
35.11	4.21
35.14	4.25
35.16	4.25
35.18	4.28
35.21	4.29
35.23	4.34
35.26	4.34
35.28	4.42
35.31	4.4
35.33	4.45
35.36	4.46
35.38	4.55
35.4	4.55
35.43	4.62
35.45	4.59
35.48	4.71
35.5	4.72
35.53	4.82
35.55	4.81
35.57	4.88
35.6	4.87
35.62	4.98
35.65	4.98
35.67	5.06
35.7	5.03
35.72	5.1
35.75	5.15
35.77	5.27
35.79	5.29
35.82	5.36
35.84	5.38
35.87	5.49
35.89	5.56
35.92	5.61
35.94	5.63
35.97	5.69
35.99	5.74
36.01	5.85
36.04	5.89
36.06	5.95
36.09	6.02
36.11	6.11
36.14	6.19
36.16	6.27
36.19	6.31
36.21	6.44
36.23	6.5
36.26	6.56
36.28	6.61
36.31	6.67
36.33	6.71
36.36	6.79
36.38	6.8
36.41	6.88
36.43	6.91
36.45	6.99
36.48	7.05
36.5	7.14
36.53	7.19
36.55	7.26
36.58	7.3
36.6	7.37
36.62	7.42
36.65	7.48
36.67	7.54
36.7	7.56
36.72	7.61
36.75	7.66
36.77	7.72
36.8	7.77
36.82	7.82
36.84	7.83
36.87	7.9
36.89	7.91
36.92	7.96
36.94	7.99
36.97	8.02
36.99	8.01
37.02	8.05
37.04	8.05
37.06	8.12
37.09	8.1
37.11	8.15
37.14	8.13
37.16	8.16
37.19	8.15
37.21	8.21
37.24	8.19
37.26	8.22
37.28	8.15
37.31	8.21
37.33	8.21
37.36	8.21
37.38	8.14
37.41	8.12
37.43	8.1
37.46	8.13
37.48	8.1
37.5	8.05
37.53	8.01
37.55	8.02
37.58	7.99
37.6	7.98
37.63	7.93
37.65	7.88
37.68	7.87
37.7	7.86
37.72	7.84
37.75	7.8
37.77	7.75
37.8	7.7
37.82	7.65
37.85	7.61
37.87	7.55
37.89	7.46
37.92	7.41
37.94	7.36
37.97	7.31
37.99	7.27
38.02	7.21
38.04	7.16
38.07	7.13
38.09	7.08
38.11	7.01
38.14	6.96
38.16	6.88
38.19	6.83
38.21	6.79
38.24	6.73
38.26	6.67
38.29	6.6
38.31	6.53
38.33	6.5
38.36	6.45
38.38	6.35
38.41	6.3
38.43	6.23
38.46	6.2
38.48	6.15
38.51	6.1
38.53	6.02
38.55	5.98
38.58	5.92
38.6	5.91
38.63	5.83
38.65	5.8
38.68	5.74
38.7	5.74
38.73	5.67
38.75	5.68
38.77	5.62
38.8	5.64
38.82	5.55
38.85	5.54
38.87	5.47
38.9	5.48
38.92	5.39
38.94	5.38
38.97	5.32
38.99	5.35
39.02	5.31
39.04	5.3
39.07	5.26
39.09	5.26
39.12	5.22
39.14	5.24
39.16	5.22
39.19	5.2
39.21	5.18
39.24	5.19
39.26	5.19
39.29	5.19
39.31	5.15
39.34	5.14
39.36	5.11
39.38	5.13
39.41	5.14
39.43	5.16
39.46	5.15
39.48	5.17
39.51	5.19
39.53	5.25
39.56	5.26
39.58	5.26
39.6	5.27
39.63	5.3
39.65	5.32
39.68	5.37
39.7	5.39
39.73	5.42
39.75	5.43
39.78	5.49
39.8	5.53
39.82	5.56
39.85	5.56
39.87	5.61
39.9	5.65
39.92	5.7
39.95	5.72
39.97	5.75
39.99	5.8
40.02	5.87
40.04	5.92
40.07	5.95
40.09	5.96
40.12	6
40.14	6.09
40.17	6.13
40.19	6.18
40.21	6.19
40.24	6.27
40.26	6.34
40.29	6.43
40.31	6.46
40.34	6.55
40.36	6.57
40.39	6.67
40.41	6.74
40.43	6.85
40.46	6.88
40.48	7
40.51	7.01
40.53	7.15
40.56	7.2
40.58	7.28
40.61	7.33
40.63	7.42
40.65	7.46
40.68	7.61
40.7	7.67
40.73	7.78
40.75	7.82
40.78	7.91
40.8	7.99
40.83	8.12
40.85	8.16
40.87	8.25
40.9	8.31
40.92	8.43
40.95	8.54
40.97	8.64
41	8.7
41.02	8.82
41.05	8.89
41.07	9.01
41.09	9.1
41.12	9.18
41.14	9.27
41.17	9.38
41.19	9.45
41.22	9.55
41.24	9.62
41.26	9.72
41.29	9.79
41.31	9.89
41.34	9.96
41.36	10.03
41.39	10.1
41.41	10.19
41.44	10.25
41.46	10.36
41.48	10.41
41.51	10.48
41.53	10.55
41.56	10.62
41.58	10.67
41.61	10.77
41.63	10.8
41.66	10.85
41.68	10.92
41.7	10.98
41.73	11.04
41.75	11.06
41.78	11.07
41.8	11.09
41.83	11.14
41.85	11.14
41.88	11.19
41.9	11.18
41.92	11.22
41.95	11.22
41.97	11.27
42	11.26
42.02	11.28
42.05	11.22
42.07	11.24
42.1	11.17
42.12	11.21
42.14	11.17
42.17	11.2
42.19	11.14
42.22	11.15
42.24	11.11
42.27	11.14
42.29	11.06
42.31	11.03
42.34	10.97
42.36	10.98
42.39	10.92
42.41	10.89
42.44	10.8
42.46	10.76
42.49	10.7
42.51	10.64
42.53	10.56
42.56	10.48
42.58	10.39
42.61	10.38
42.63	10.31
42.66	10.26
42.68	10.17
42.71	10.09
42.73	10.05
42.75	9.99
42.78	9.89
42.8	9.8
42.83	9.7
42.85	9.62
42.88	9.55
42.9	9.46
42.93	9.38
42.95	9.31
42.97	9.24
43	9.19
43.02	9.11
43.05	9.03
43.07	8.96
43.1	8.87
43.12	8.78
43.15	8.7
43.17	8.61
43.19	8.52
43.22	8.43
43.24	8.35
43.27	8.29
43.29	8.2
43.32	8.12
43.34	8.06
43.36	8.01
43.39	7.95
43.41	7.89
43.44	7.8
43.46	7.75
43.49	7.68
43.51	7.61
43.54	7.54
43.56	7.48
43.58	7.4
43.61	7.38
43.63	7.31
43.66	7.3
43.68	7.23
43.71	7.21
43.73	7.13
43.76	7.11
43.78	7.02
43.8	7.03
43.83	6.95
43.85	6.96
43.88	6.89
43.9	6.89
43.93	6.84
43.95	6.86
43.98	6.78
44	6.79
44.02	6.74
44.05	6.77
44.07	6.77
44.1	6.77
44.12	6.73
44.15	6.75
44.17	6.75
44.2	6.82
44.22	6.81
44.24	6.81
44.27	6.82
44.29	6.85
44.32	6.87
44.34	6.88
44.37	6.85
44.39	6.86
44.41	6.88
44.44	6.94
44.46	6.98
44.49	7.02
44.51	7.05
44.54	7.14
44.56	7.19
44.59	7.24
44.61	7.26
44.63	7.3
44.66	7.34
44.68	7.4
44.71	7.4
44.73	7.47
44.76	7.5
44.78	7.57
44.81	7.63
44.83	7.73
44.85	7.78
44.88	7.88
44.9	7.93
44.93	8.05
44.95	8.11
44.98	8.18
45	8.22
45.03	8.26
45.05	8.34
45.07	8.43
45.1	8.5
45.12	8.58
45.15	8.66
45.17	8.74
45.2	8.9
45.22	8.98
45.25	9.09
45.27	9.18
45.29	9.29
45.32	9.37
45.34	9.51
45.37	9.57
45.39	9.69
45.42	9.74
45.44	9.83
45.47	9.89
45.49	10.04
45.51	10.11
45.54	10.26
45.56	10.31
45.59	10.49
45.61	10.58
45.64	10.74
45.66	10.83
45.68	10.95
45.71	11.03
45.73	11.19
45.76	11.24
45.78	11.36
45.81	11.41
45.83	11.54
45.86	11.67
45.88	11.8
45.9	11.91
45.93	12.06
45.95	12.19
45.98	12.35
46	12.48
46.03	12.58
46.05	12.66
46.08	12.76
46.1	12.85
46.12	12.98
46.15	13.06
46.17	13.14
46.2	13.25
46.22	13.35
46.25	13.45
46.27	13.58
46.3	13.65
46.32	13.76
46.34	13.86
46.37	13.95
46.39	14.05
46.42	14.14
46.44	14.18
46.47	14.27
46.49	14.32
46.52	14.4
46.54	14.46
46.56	14.51
46.59	14.57
46.61	14.63
46.64	14.67
46.66	14.72
46.69	14.72
46.71	14.74
46.73	14.77
46.76	14.79
46.78	14.83
46.81	14.82
46.83	14.84
46.86	14.84
46.88	14.87
46.91	14.87
46.93	14.87
46.95	14.81
46.98	14.83
47	14.79
47.03	14.81
47.05	14.78
47.08	14.77
47.1	14.69
47.13	14.71
47.15	14.61
47.17	14.62
47.2	14.53
47.22	14.47
47.25	14.37
47.27	14.35
47.3	14.26
47.32	14.24
47.35	14.1
47.37	14.03
47.39	13.97
47.42	13.94
47.44	13.84
47.47	13.77
47.49	13.65
47.52	13.59
47.54	13.52
47.57	13.43
47.59	13.3
47.61	13.18
47.64	13.07
47.66	12.98
47.69	12.84
47.71	12.73
47.74	12.6
47.76	12.49
47.78	12.4
47.81	12.31
47.83	12.21
47.86	12.14
47.88	12.03
47.91	11.94
47.93	11.83
47.96	11.68
47.98	11.56
48	11.43
48.03	11.3
48.05	11.21
48.08	11.08
48.1	10.99
48.13	10.92
48.15	10.86
48.18	10.77
48.2	10.69
48.22	10.6
48.25	10.51
48.27	10.4
48.3	10.32
48.32	10.22
48.35	10.1
48.37	10.01
48.4	9.92
48.42	9.83
48.44	9.78
48.47	9.71
48.49	9.62
48.52	9.58
48.54	9.5
48.57	9.45
48.59	9.43
48.62	9.37
48.64	9.29
48.66	9.26
48.69	9.18
48.71	9.19
48.74	9.13
48.76	9.1
48.79	9.02
48.81	9.02
48.84	8.97
48.86	9
48.88	8.94
48.91	8.96
48.93	8.92
48.96	8.97
48.98	8.94
49.01	8.96
49.03	8.92
49.05	8.99
49.08	8.98
49.1	9.03
49.13	9
49.15	9.06
49.18	9.04
49.2	9.13
49.23	9.09
49.25	9.14
49.27	9.11
49.3	9.21
49.32	9.23
49.35	9.33
49.37	9.32
49.4	9.4
49.42	9.44
49.45	9.58
49.47	9.63
49.49	9.67
49.52	9.68
49.54	9.74
49.57	9.81
49.59	9.89
49.62	9.92
49.64	9.98
49.67	10.06
49.69	10.2
49.71	10.3
49.74	10.38
49.76	10.45
49.79	10.59
49.81	10.7
49.84	10.82
49.86	10.92
49.89	11.01
49.91	11.1
49.93	11.22
49.96	11.26
49.98	11.37
50.01	11.44
50.03	11.56
50.06	11.68
50.08	11.82
50.1	11.92
50.13	12.07
50.15	12.17
50.18	12.35
50.2	12.46
50.23	12.57
50.25	12.67
50.28	12.77
50.3	12.89
50.32	13.03
50.35	13.13
50.37	13.26
50.4	13.38
50.42	13.52
50.45	13.73
50.47	13.9
50.5	14.05
50.52	14.21
50.54	14.36
50.57	14.48
50.59	14.67
50.62	14.76
50.64	14.9
50.67	14.98
50.69	15.12
50.72	15.23
50.74	15.43
50.76	15.53
50.79	15.72
50.81	15.82
50.84	16.03
50.86	16.13
50.89	16.32
50.91	16.44
50.94	16.59
50.96	16.66
50.98	16.84
51.01	16.92
51.03	17.07
51.06	17.15
51.08	17.27
51.11	17.38
51.13	17.55
51.15	17.64
51.18	17.77
51.2	17.85
51.23	17.99
51.25	18.12
51.28	18.24
51.3	18.31
51.33	18.39
51.35	18.47
51.37	18.59
51.4	18.66
51.42	18.7
51.45	18.75
51.47	18.85
51.5	18.92
51.52	18.98
51.55	19.02
51.57	19.08
51.59	19.12
51.62	19.15
51.64	19.16
51.67	19.18
51.69	19.18
51.72	19.2
51.74	19.18
51.77	19.2
51.79	19.2
51.81	19.19
51.84	19.17
51.86	19.16
51.89	19.12
51.91	19.12
51.94	19.06
51.96	19.01
51.99	18.97
52.01	18.94
52.03	18.93
52.06	18.85
52.08	18.79
52.11	18.73
52.13	18.68
52.16	18.58
52.18	18.51
52.2	18.36
52.23	18.29
52.25	18.19
52.28	18.11
52.3	18
52.33	17.93
52.35	17.81
52.38	17.78
52.4	17.65
52.42	17.58
52.45	17.44
52.47	17.33
52.5	17.15
52.52	17.03
52.55	16.83
52.57	16.72
52.6	16.53
52.62	16.4
52.64	16.24
52.67	16.16
52.69	16.02
52.72	15.93
52.74	15.77
52.77	15.67
52.79	15.55
52.82	15.45
52.84	15.3
52.86	15.16
52.89	15
52.91	14.89
52.94	14.74
52.96	14.6
52.99	14.47
53.01	14.35
53.04	14.24
53.06	14.17
53.08	14.05
53.11	13.97
53.13	13.86
53.16	13.75
53.18	13.65
53.21	13.54
53.23	13.4
53.26	13.3
53.28	13.18
53.3	13.08
53.33	12.99
53.35	12.89
53.38	12.84
53.4	12.76
53.43	12.69
53.45	12.64
53.47	12.57
53.5	12.5
53.52	12.43
53.55	12.35
53.57	12.29
53.6	12.25
53.62	12.17
53.65	12.11
53.67	12.06
53.69	12.03
53.72	12.03
53.74	11.97
53.77	11.95
53.79	11.94
53.82	11.95
53.84	11.99
53.87	11.99
53.89	11.94
53.91	11.97
53.94	11.95
53.96	12
53.99	12
54.01	12.03
54.04	12.01
54.06	12.06
54.09	12.06
54.11	12.16
54.13	12.17
54.16	12.25
54.18	12.23
54.21	12.33
54.23	12.37
54.26	12.47
54.28	12.48
54.31	12.57
54.33	12.6
54.35	12.73
54.38	12.79
54.4	12.86
54.43	12.9
54.45	12.99
54.48	13.05
54.5	13.18
54.52	13.26
54.55	13.35
54.57	13.48
54.6	13.62
54.62	13.75
54.65	13.88
54.67	13.97
54.7	14.08
54.72	14.19
54.74	14.32
54.77	14.42
54.79	14.53
54.82	14.64
54.84	14.8
54.87	14.91
54.89	15.09
54.92	15.22
54.94	15.37
54.96	15.52
54.99	15.67
55.01	15.8
55.04	15.98
55.06	16.1
55.09	16.24
55.11	16.37
55.14	16.52
55.16	16.64
55.18	16.79
55.21	16.91
55.23	17.09
55.26	17.26
55.28	17.45
55.31	17.61
55.33	17.76
55.36	17.96
55.38	18.15
55.4	18.32
55.43	18.46
55.45	18.59
55.48	18.73
55.5	18.93
55.53	19.06
55.55	19.21
55.57	19.35
55.6	19.54
55.62	19.71
55.65	19.95
55.67	20.09
55.7	20.3
55.72	20.43
55.75	20.61
55.77	20.72
55.79	20.92
55.82	21.02
55.84	21.21
55.87	21.28
55.89	21.48
55.92	21.59
55.94	21.8
55.97	21.92
55.99	22.09
56.01	22.2
56.04	22.43
56.06	22.55
56.09	22.72
56.11	22.8
56.14	22.93
56.16	23.05
56.19	23.19
56.21	23.26
56.23	23.35
56.26	23.42
56.28	23.53
56.31	23.63
56.33	23.73
56.36	23.77
56.38	23.87
56.41	23.94
56.43	24.04
56.45	24.11
56.48	24.15
56.5	24.18
56.53	24.24
56.55	24.26
56.58	24.33
56.6	24.34
56.62	24.36
56.65	24.37
56.67	24.39
56.7	24.39
56.72	24.41
56.75	24.37
56.77	24.37
56.8	24.33
56.82	24.34
56.84	24.3
56.87	24.26
56.89	24.22
56.92	24.2
56.94	24.14
56.97	24.11
56.99	24
57.02	23.91
57.04	23.86
57.06	23.77
57.09	23.68
57.11	23.59
57.14	23.49
57.16	23.43
57.19	23.37
57.21	23.24
57.24	23.14
57.26	23.01
57.28	22.91
57.31	22.8
57.33	22.68
57.36	22.52
57.38	22.41
57.41	22.22
57.43	22.13
57.46	21.93
57.48	21.8
57.5	21.6
57.53	21.48
57.55	21.31
57.58	21.21
57.6	21.03
57.63	20.93
57.65	20.74
57.68	20.63
57.7	20.47
57.72	20.33
57.75	20.15
57.77	20.01
57.8	19.81
57.82	19.66
57.85	19.51
57.87	19.37
57.89	19.23
57.92	19.09
57.94	18.96
57.97	18.86
57.99	18.75
58.02	18.62
58.04	18.5
58.07	18.36
58.09	18.23
58.11	18.09
58.14	17.96
58.16	17.82
58.19	17.68
58.21	17.55
58.24	17.45
58.26	17.33
58.29	17.23
58.31	17.13
58.33	17.05
58.36	16.98
58.38	16.9
58.41	16.82
58.43	16.76
58.46	16.67
58.48	16.61
58.51	16.57
58.53	16.51
58.55	16.43
58.58	16.36
58.6	16.33
58.63	16.3
58.65	16.24
58.68	16.19
58.7	16.15
58.73	16.15
58.75	16.16
58.77	16.17
58.8	16.15
58.82	16.16
58.85	16.17
58.87	16.22
58.9	16.23
58.92	16.26
58.94	16.23
58.97	16.29
58.99	16.3
59.02	16.37
59.04	16.37
59.07	16.44
59.09	16.43
59.12	16.53
59.14	16.54
59.16	16.67
59.19	16.68
59.21	16.78
59.24	16.84
59.26	16.98
59.29	17.05
59.31	17.16
59.34	17.18
59.36	17.3
59.38	17.39
59.41	17.51
59.43	17.62
59.46	17.72
59.48	17.81
59.51	17.99
59.53	18.12
59.56	18.27
59.58	18.38
59.6	18.48
59.63	18.61
59.65	18.78
59.68	18.88
59.7	18.99
59.73	19.08
59.75	19.22
59.78	19.37
59.8	19.55
59.82	19.72
59.85	19.89
59.87	20.04
59.9	20.25
59.92	20.42
59.95	20.57
59.97	20.68
59.99	20.78
