U1	IA
0.02	0.43
0.04	0.47
0.07	0.5
0.09	0.51
0.12	0.54
0.14	0.56
0.17	0.57
0.19	0.55
0.21	0.53
0.24	0.53
0.26	0.53
0.29	0.53
0.31	0.52
0.34	0.51
0.36	0.51
0.39	0.51
0.41	0.52
0.43	0.54
0.46	0.53
0.48	0.52
0.51	0.54
0.53	0.52
0.56	0.53
0.58	0.52
0.61	0.51
0.63	0.51
0.65	0.51
0.68	0.49
0.7	0.51
0.73	0.48
0.75	0.49
0.78	0.51
0.8	0.52
0.83	0.52
0.85	0.53
0.87	0.51
0.9	0.56
0.92	0.56
0.95	0.53
0.97	0.52
1	0.51
1.02	0.52
1.05	0.53
1.07	0.53
1.09	0.52
1.12	0.52
1.14	0.52
1.17	0.55
1.19	0.54
1.22	0.53
1.24	0.52
1.26	0.53
1.29	0.51
1.31	0.54
1.34	0.52
1.36	0.55
1.39	0.51
1.41	0.51
1.44	0.47
1.46	0.51
1.48	0.47
1.51	0.51
1.53	0.48
1.56	0.52
1.58	0.52
1.61	0.56
1.63	0.54
1.66	0.56
1.68	0.53
1.7	0.56
1.73	0.52
1.75	0.51
1.78	0.48
1.8	0.48
1.83	0.49
1.85	0.49
1.88	0.46
1.9	0.48
1.92	0.5
1.95	0.51
1.97	0.52
2	0.51
2.02	0.51
2.05	0.51
2.07	0.5
2.1	0.5
2.12	0.51
2.14	0.48
2.17	0.5
2.19	0.48
2.22	0.47
2.24	0.51
2.27	0.5
2.29	0.5
2.31	0.5
2.34	0.5
2.36	0.53
2.39	0.55
2.41	0.52
2.44	0.53
2.46	0.53
2.49	0.56
2.51	0.54
2.53	0.52
2.56	0.51
2.58	0.52
2.61	0.51
2.63	0.51
2.66	0.48
2.68	0.48
2.71	0.51
2.73	0.53
2.75	0.54
2.78	0.53
2.8	0.54
2.83	0.53
2.85	0.53
2.88	0.5
2.9	0.49
2.93	0.44
2.95	0.46
2.97	0.46
3	0.51
3.02	0.5
3.05	0.52
3.07	0.49
3.1	0.55
3.12	0.5
3.15	0.52
3.17	0.49
3.19	0.49
3.22	0.45
3.24	0.49
3.27	0.46
3.29	0.52
3.32	0.48
3.34	0.49
3.36	0.5
3.39	0.53
3.41	0.52
3.44	0.54
3.46	0.49
3.49	0.49
3.51	0.5
3.54	0.51
3.56	0.5
3.58	0.5
3.61	0.48
3.63	0.51
3.66	0.51
3.68	0.5
3.71	0.5
3.73	0.51
3.76	0.51
3.78	0.53
3.8	0.52
3.83	0.54
3.85	0.54
3.88	0.54
3.9	0.53
3.93	0.54
3.95	0.53
3.98	0.54
4	0.52
4.02	0.53
4.05	0.51
4.07	0.52
4.1	0.51
4.12	0.51
4.15	0.51
4.17	0.55
4.2	0.55
4.22	0.56
4.24	0.54
4.27	0.55
4.29	0.55
4.32	0.56
4.34	0.51
4.37	0.51
4.39	0.51
4.42	0.52
4.44	0.52
4.46	0.51
4.49	0.5
4.51	0.51
4.54	0.52
4.56	0.54
4.59	0.55
4.61	0.53
4.63	0.54
4.66	0.52
4.68	0.52
4.71	0.5
4.73	0.51
4.76	0.48
4.78	0.49
4.81	0.46
4.83	0.52
4.85	0.5
4.88	0.52
4.9	0.5
4.93	0.53
4.95	0.52
4.98	0.54
5	0.49
5.03	0.5
5.05	0.5
5.07	0.51
5.1	0.51
5.12	0.5
5.15	0.48
5.17	0.5
5.2	0.51
5.22	0.52
5.25	0.52
5.27	0.5
5.29	0.53
5.32	0.55
5.34	0.55
5.37	0.55
5.39	0.52
5.42	0.51
5.44	0.54
5.47	0.53
5.49	0.53
5.51	0.52
5.54	0.51
5.56	0.54
5.59	0.55
5.61	0.53
5.64	0.55
5.66	0.54
5.68	0.56
5.71	0.57
5.73	0.56
5.76	0.58
5.78	0.58
5.81	0.57
5.83	0.56
5.86	0.56
5.88	0.55
5.9	0.56
5.93	0.53
5.95	0.53
5.98	0.53
6	0.54
6.03	0.56
6.05	0.57
6.08	0.56
6.1	0.57
6.12	0.56
6.15	0.56
6.17	0.54
6.2	0.52
6.22	0.53
6.25	0.53
6.27	0.54
6.3	0.54
6.32	0.56
6.34	0.56
6.37	0.58
6.39	0.58
6.42	0.6
6.44	0.57
6.47	0.58
6.49	0.57
6.52	0.6
6.54	0.58
6.56	0.61
6.59	0.55
6.61	0.57
6.64	0.56
6.66	0.58
6.69	0.56
6.71	0.58
6.73	0.55
6.76	0.64
6.78	0.63
6.81	0.64
6.83	0.61
6.86	0.6
6.88	0.59
6.91	0.62
6.93	0.59
6.95	0.59
6.98	0.57
7	0.59
7.03	0.62
7.05	0.63
7.08	0.6
7.1	0.6
7.13	0.61
7.15	0.65
7.17	0.65
7.2	0.64
7.22	0.64
7.25	0.64
7.27	0.64
7.3	0.64
7.32	0.61
7.35	0.6
7.37	0.62
7.39	0.62
7.42	0.62
7.44	0.65
7.47	0.64
7.49	0.71
7.52	0.71
7.54	0.72
7.57	0.72
7.59	0.73
7.61	0.7
7.64	0.73
7.66	0.7
7.69	0.72
7.71	0.71
7.74	0.71
7.76	0.72
7.78	0.73
7.81	0.72
7.83	0.72
7.86	0.71
7.88	0.72
7.91	0.74
7.93	0.74
7.96	0.76
7.98	0.75
8	0.75
8.03	0.75
8.05	0.76
8.08	0.75
8.1	0.76
8.13	0.74
8.15	0.76
8.18	0.74
8.2	0.78
8.22	0.79
8.25	0.83
8.27	0.79
8.3	0.81
8.32	0.76
8.35	0.81
8.37	0.78
8.4	0.78
8.42	0.76
8.44	0.78
8.47	0.79
8.49	0.85
8.52	0.81
8.54	0.82
8.57	0.8
8.59	0.82
8.62	0.82
8.64	0.81
8.66	0.78
8.69	0.78
8.71	0.78
8.74	0.8
8.76	0.78
8.79	0.77
8.81	0.77
8.84	0.8
8.86	0.8
8.88	0.81
8.91	0.82
8.93	0.84
8.96	0.89
8.98	0.89
9.01	0.89
9.03	0.9
9.05	0.9
9.08	0.9
9.1	0.89
9.13	0.87
9.15	0.87
9.18	0.87
9.2	0.87
9.23	0.89
9.25	0.91
9.27	0.93
9.3	0.93
9.32	0.94
9.35	0.97
9.37	0.99
9.4	0.97
9.42	0.96
9.45	0.95
9.47	0.97
9.49	0.98
9.52	0.96
9.54	0.95
9.57	0.95
9.59	0.95
9.62	0.97
9.64	0.98
9.67	0.95
9.69	0.97
9.71	0.95
9.74	0.97
9.76	0.97
9.79	0.97
9.81	0.96
9.84	0.98
9.86	0.97
9.89	1.02
9.91	0.98
9.93	1
9.96	0.97
9.98	0.99
10.01	0.97
10.03	1.02
10.06	0.98
10.08	1.03
10.1	0.99
10.13	1.01
10.15	1.01
10.18	1.03
10.2	0.98
10.23	1.01
10.25	0.98
10.28	1.04
10.3	1.03
10.32	1.03
10.35	1.02
10.37	1.03
10.4	1.02
10.42	1.05
10.45	1.02
10.47	1.03
10.5	1.04
10.52	1.06
10.54	1.08
10.57	1.07
10.59	1.06
10.62	1.08
10.64	1.07
10.67	1.07
10.69	1.09
10.72	1.09
10.74	1.1
10.76	1.13
10.79	1.12
10.81	1.14
10.84	1.14
10.86	1.12
10.89	1.13
10.91	1.14
10.94	1.12
10.96	1.17
10.98	1.15
11.01	1.16
11.03	1.16
11.06	1.18
11.08	1.18
11.11	1.2
11.13	1.15
11.15	1.19
11.18	1.2
11.2	1.21
11.23	1.18
11.25	1.17
11.28	1.17
11.3	1.19
11.33	1.2
11.35	1.18
11.37	1.16
11.4	1.18
11.42	1.22
11.45	1.23
11.47	1.24
11.5	1.23
11.52	1.27
11.55	1.3
11.57	1.33
11.59	1.31
11.62	1.34
11.64	1.31
11.67	1.33
11.69	1.31
11.72	1.35
11.74	1.33
11.77	1.36
11.79	1.32
11.81	1.36
11.84	1.34
11.86	1.36
11.89	1.32
11.91	1.32
11.94	1.31
11.96	1.36
11.99	1.37
12.01	1.39
12.03	1.39
12.06	1.42
12.08	1.45
12.11	1.47
12.13	1.46
12.16	1.47
12.18	1.5
12.21	1.53
12.23	1.55
12.25	1.57
12.28	1.57
12.3	1.58
12.33	1.59
12.35	1.6
12.38	1.61
12.4	1.6
12.42	1.61
12.45	1.63
12.47	1.65
12.5	1.65
12.52	1.65
12.55	1.67
12.57	1.68
12.6	1.68
12.62	1.68
12.64	1.68
12.67	1.67
12.69	1.68
12.72	1.66
12.74	1.69
12.77	1.7
12.79	1.7
12.82	1.7
12.84	1.71
12.86	1.72
12.89	1.75
12.91	1.74
12.94	1.74
12.96	1.77
12.99	1.8
13.01	1.83
13.04	1.82
13.06	1.81
13.08	1.8
13.11	1.82
13.13	1.82
13.16	1.84
13.18	1.81
13.21	1.82
13.23	1.81
13.26	1.84
13.28	1.83
13.3	1.85
13.33	1.79
13.35	1.82
13.38	1.8
13.4	1.83
13.43	1.8
13.45	1.83
13.47	1.79
13.5	1.83
13.52	1.82
13.55	1.86
13.57	1.81
13.6	1.84
13.62	1.83
13.65	1.87
13.67	1.86
13.69	1.87
13.72	1.84
13.74	1.87
13.77	1.86
13.79	1.87
13.82	1.86
13.84	1.85
13.87	1.82
13.89	1.86
13.91	1.87
13.94	1.86
13.96	1.84
13.99	1.84
14.01	1.86
14.04	1.88
14.06	1.86
14.09	1.85
14.11	1.85
14.13	1.86
14.16	1.86
14.18	1.86
14.21	1.86
14.23	1.87
14.26	1.87
14.28	1.89
14.31	1.88
14.33	1.88
14.35	1.87
14.38	1.88
14.4	1.87
14.43	1.87
14.45	1.86
14.48	1.87
14.5	1.84
14.52	1.84
14.55	1.83
14.57	1.83
14.6	1.82
14.62	1.83
14.65	1.83
14.67	1.86
14.7	1.86
14.72	1.84
14.74	1.85
14.77	1.84
14.79	1.85
14.82	1.86
14.84	1.85
14.87	1.84
14.89	1.87
14.92	1.86
14.94	1.88
14.96	1.87
14.99	1.88
15.01	1.87
15.04	1.87
15.06	1.84
15.09	1.88
15.11	1.87
15.14	1.9
15.16	1.86
15.18	1.89
15.21	1.89
15.23	1.94
15.26	1.9
15.28	1.91
15.31	1.88
15.33	1.94
15.36	1.96
15.38	1.97
15.4	1.94
15.43	1.96
15.45	1.96
15.48	2.03
15.5	2.02
15.53	2.01
15.55	2.03
15.57	2.05
15.6	2.08
15.62	2.1
15.65	2.06
15.67	2.07
15.7	2.07
15.72	2.08
15.75	2.1
15.77	2.1
15.79	2.1
15.82	2.12
15.84	2.14
15.87	2.16
15.89	2.18
15.92	2.19
15.94	2.21
15.97	2.25
15.99	2.25
16.01	2.28
16.04	2.27
16.06	2.29
16.09	2.32
16.11	2.32
16.14	2.33
16.16	2.36
16.19	2.36
16.21	2.42
16.23	2.43
16.26	2.44
16.28	2.47
16.31	2.47
16.33	2.48
16.36	2.52
16.38	2.52
16.41	2.55
16.43	2.56
16.45	2.57
16.48	2.64
16.5	2.68
16.53	2.72
16.55	2.77
16.58	2.8
16.6	2.83
16.63	2.88
16.65	2.88
16.67	2.89
16.7	2.89
16.72	2.89
16.75	2.88
16.77	2.94
16.8	2.94
16.82	3.01
16.84	3
16.87	3.05
16.89	3.04
16.92	3.12
16.94	3.14
16.97	3.19
16.99	3.18
17.02	3.23
17.04	3.25
17.06	3.31
17.09	3.3
17.11	3.3
17.14	3.32
17.16	3.38
17.19	3.39
17.21	3.41
17.24	3.4
17.26	3.44
17.28	3.49
17.31	3.51
17.33	3.5
17.36	3.52
17.38	3.54
17.41	3.59
17.43	3.58
17.46	3.55
17.48	3.55
17.5	3.54
17.53	3.55
17.55	3.58
17.58	3.59
17.6	3.61
17.63	3.64
17.65	3.66
17.68	3.71
17.7	3.72
17.72	3.7
17.75	3.7
17.77	3.67
17.8	3.69
17.82	3.68
17.85	3.67
17.87	3.66
17.89	3.67
17.92	3.68
17.94	3.73
17.97	3.72
17.99	3.72
18.02	3.74
18.04	3.76
18.07	3.75
18.09	3.75
18.11	3.72
18.14	3.71
18.16	3.72
18.19	3.69
18.21	3.69
18.24	3.65
18.26	3.65
18.29	3.63
18.31	3.63
18.33	3.62
18.36	3.61
18.38	3.56
18.41	3.6
18.43	3.55
18.46	3.57
18.48	3.54
18.51	3.52
18.53	3.47
18.55	3.49
18.58	3.43
18.6	3.47
18.63	3.42
18.65	3.42
18.68	3.39
18.7	3.4
18.73	3.38
18.75	3.42
18.77	3.36
18.8	3.37
18.82	3.34
18.85	3.36
18.87	3.34
18.9	3.32
18.92	3.25
18.94	3.24
18.97	3.21
18.99	3.2
19.02	3.17
19.04	3.14
19.07	3.12
19.09	3.12
19.12	3.12
19.14	3.14
19.16	3.12
19.19	3.13
19.21	3.12
19.24	3.1
19.26	3.1
19.29	3.08
19.31	3.04
19.34	3.04
19.36	3.02
19.38	3.01
19.41	3.03
19.43	3.02
19.46	3.01
19.48	3.05
19.51	3.03
19.53	3.05
19.56	3.04
19.58	3.04
19.6	3.03
19.63	3.05
19.65	3.01
19.68	3.02
19.7	2.98
19.73	3
19.75	3.01
19.78	3.01
19.8	3
19.82	3
19.85	2.99
19.87	3.04
19.9	3.03
19.92	3.02
19.95	3.02
19.97	2.99
19.99	3.02
20.02	3.04
20.04	3.03
20.07	3.03
20.09	3.04
20.12	3.04
20.14	3.12
20.17	3.11
20.19	3.15
20.21	3.13
20.24	3.16
20.26	3.16
20.29	3.23
20.31	3.2
20.34	3.27
20.36	3.24
20.39	3.29
20.41	3.32
20.43	3.37
20.46	3.34
20.48	3.38
20.51	3.39
20.53	3.46
20.56	3.47
20.58	3.47
20.61	3.49
20.63	3.53
20.65	3.55
20.68	3.59
20.7	3.58
20.73	3.62
20.75	3.67
20.78	3.72
20.8	3.78
20.83	3.8
20.85	3.84
20.87	3.93
20.9	3.96
20.92	4.02
20.95	4.06
20.97	4.09
21	4.15
21.02	4.2
21.05	4.24
21.07	4.3
21.09	4.33
21.12	4.41
21.14	4.47
21.17	4.54
21.19	4.58
21.22	4.65
21.24	4.68
21.26	4.75
21.29	4.78
21.31	4.84
21.34	4.9
21.36	4.96
21.39	4.99
21.41	5.1
21.44	5.14
21.46	5.21
21.48	5.24
21.51	5.28
21.53	5.35
21.56	5.41
21.58	5.45
21.61	5.52
21.63	5.57
21.66	5.63
21.68	5.7
21.7	5.75
21.73	5.83
21.75	5.85
21.78	5.9
21.8	5.96
21.83	6.04
21.85	6.08
21.88	6.15
21.9	6.14
21.92	6.21
21.95	6.22
21.97	6.29
22	6.31
22.02	6.36
22.05	6.36
22.07	6.47
22.1	6.5
22.12	6.57
22.14	6.57
22.17	6.58
22.19	6.61
22.22	6.65
22.24	6.64
22.27	6.66
22.29	6.64
22.31	6.66
22.34	6.71
22.36	6.72
22.39	6.74
22.41	6.75
22.44	6.77
22.46	6.82
22.49	6.84
22.51	6.82
22.53	6.81
22.56	6.79
22.58	6.79
22.61	6.77
22.63	6.73
22.66	6.68
22.68	6.68
22.71	6.65
22.73	6.63
22.75	6.59
22.78	6.54
22.8	6.54
22.83	6.48
22.85	6.43
22.88	6.38
22.9	6.33
22.93	6.26
22.95	6.21
22.97	6.13
23	6.14
23.02	6.08
23.05	6.02
23.07	5.99
23.1	5.97
23.12	5.93
23.15	5.93
23.17	5.86
23.19	5.84
23.22	5.83
23.24	5.8
23.27	5.77
23.29	5.73
23.32	5.66
23.34	5.62
23.36	5.57
23.39	5.53
23.41	5.48
23.44	5.43
23.46	5.41
23.49	5.39
23.51	5.37
23.54	5.37
23.56	5.33
23.58	5.28
23.61	5.26
23.63	5.2
23.66	5.2
23.68	5.14
23.71	5.1
23.73	5.05
23.76	5.02
23.78	4.99
23.8	4.98
23.83	4.92
23.85	4.89
23.88	4.86
23.9	4.85
23.93	4.83
23.95	4.78
23.98	4.72
24	4.69
24.02	4.67
24.05	4.65
24.07	4.63
24.1	4.58
24.12	4.59
24.15	4.59
24.17	4.57
24.2	4.53
24.22	4.52
24.24	4.5
24.27	4.52
24.29	4.49
24.32	4.48
24.34	4.47
24.37	4.49
24.39	4.49
24.42	4.47
24.44	4.46
24.46	4.47
24.49	4.45
24.51	4.44
24.54	4.47
24.56	4.47
24.59	4.51
24.61	4.51
24.63	4.52
24.66	4.54
24.68	4.6
24.71	4.6
24.73	4.63
24.76	4.6
24.78	4.66
24.81	4.7
24.83	4.71
24.85	4.71
24.88	4.74
24.9	4.75
24.93	4.83
24.95	4.84
24.98	4.85
25	4.89
25.03	4.92
25.05	4.97
25.07	5.01
25.1	5.03
25.12	5.06
25.15	5.11
25.17	5.15
25.2	5.21
25.22	5.21
25.25	5.28
25.27	5.32
25.29	5.4
25.32	5.44
25.34	5.54
25.37	5.59
25.39	5.7
25.42	5.73
25.44	5.8
25.47	5.86
25.49	5.92
25.51	5.95
25.54	6.03
25.56	6.08
25.59	6.18
25.61	6.25
25.64	6.31
25.66	6.39
25.68	6.48
25.71	6.57
25.73	6.65
25.76	6.74
25.78	6.8
25.81	6.89
25.83	6.97
25.86	7.05
25.88	7.1
25.9	7.18
25.93	7.27
25.95	7.37
25.98	7.46
26	7.58
26.03	7.68
26.05	7.79
26.08	7.89
26.1	8
26.12	8.09
26.15	8.16
26.17	8.23
26.2	8.32
26.22	8.42
26.25	8.49
26.27	8.61
26.3	8.7
26.32	8.82
26.34	8.94
26.37	9.06
26.39	9.16
26.42	9.29
26.44	9.35
26.47	9.45
26.49	9.53
26.52	9.61
26.54	9.67
26.56	9.74
26.59	9.83
26.61	9.94
26.64	10.02
26.66	10.12
26.69	10.18
26.71	10.28
26.73	10.41
26.76	10.49
26.78	10.56
26.81	10.63
26.83	10.7
26.86	10.79
26.88	10.87
26.91	10.88
26.93	10.93
26.95	10.95
26.98	10.99
27	11.02
27.03	11.08
27.05	11.09
27.08	11.14
27.1	11.13
27.13	11.19
27.15	11.21
27.17	11.24
27.2	11.23
27.22	11.22
27.25	11.21
27.27	11.24
27.3	11.21
27.32	11.18
27.35	11.14
27.37	11.11
27.39	11.1
27.42	11.07
27.44	11.02
27.47	10.99
27.49	10.98
27.52	10.97
27.54	10.94
27.57	10.89
27.59	10.85
27.61	10.78
27.64	10.71
27.66	10.64
27.69	10.56
27.71	10.47
27.74	10.42
27.76	10.34
27.78	10.27
27.81	10.18
27.83	10.1
27.86	10.04
27.88	9.95
27.91	9.84
27.93	9.77
27.96	9.67
27.98	9.58
28	9.5
28.03	9.37
28.05	9.3
28.08	9.19
28.1	9.07
28.13	8.97
28.15	8.87
28.18	8.76
28.2	8.68
28.22	8.56
28.25	8.47
28.27	8.39
28.3	8.32
28.32	8.25
28.35	8.15
28.37	8.05
28.4	7.98
28.42	7.89
28.44	7.81
28.47	7.73
28.49	7.63
28.52	7.57
28.54	7.5
28.57	7.42
28.59	7.38
28.62	7.31
28.64	7.23
28.66	7.17
28.69	7.1
28.71	7.06
28.74	6.99
28.76	6.94
28.79	6.86
28.81	6.82
28.84	6.8
28.86	6.78
28.88	6.74
28.91	6.7
28.93	6.69
28.96	6.69
28.98	6.68
29.01	6.63
29.03	6.6
29.05	6.56
29.08	6.57
29.1	6.52
29.13	6.52
29.15	6.49
29.18	6.49
29.2	6.52
29.23	6.55
29.25	6.54
29.27	6.57
29.3	6.56
29.32	6.6
29.35	6.61
29.37	6.6
29.4	6.61
29.42	6.63
29.45	6.66
29.47	6.71
29.49	6.73
29.52	6.77
29.54	6.81
29.57	6.85
29.59	6.92
29.62	6.95
29.64	6.99
29.67	7.05
29.69	7.1
29.71	7.13
29.74	7.21
29.76	7.23
29.79	7.29
29.81	7.29
29.84	7.33
29.86	7.39
29.89	7.48
29.91	7.51
29.93	7.62
29.96	7.71
29.98	7.84
30.01	7.94
30.03	8.01
30.06	8.08
30.08	8.18
30.1	8.24
30.13	8.31
30.15	8.38
30.18	8.45
30.2	8.57
30.23	8.67
30.25	8.79
30.28	8.88
30.3	9
30.32	9.09
30.35	9.22
30.37	9.3
30.4	9.44
30.42	9.53
30.45	9.66
30.47	9.74
30.5	9.89
30.52	10.02
30.54	10.17
30.57	10.25
30.59	10.4
30.62	10.53
30.64	10.7
30.67	10.84
30.69	10.95
30.72	11.05
30.74	11.18
30.76	11.31
30.79	11.48
30.81	11.62
30.84	11.73
30.86	11.9
30.89	12.05
30.91	12.2
30.94	12.34
30.96	12.47
30.98	12.61
31.01	12.77
31.03	12.91
31.06	13.06
31.08	13.18
31.11	13.31
31.13	13.47
31.15	13.62
31.18	13.8
31.2	13.97
31.23	14.14
31.25	14.3
31.28	14.49
31.3	14.62
31.33	14.78
31.35	14.86
31.37	14.99
31.4	15.12
31.42	15.29
31.45	15.4
31.47	15.52
31.5	15.62
31.52	15.83
31.55	15.95
31.57	16.09
31.59	16.18
31.62	16.3
31.64	16.42
31.67	16.57
31.69	16.65
31.72	16.73
31.74	16.79
31.77	16.87
31.79	16.96
31.81	17.02
31.84	17.06
31.86	17.12
31.89	17.17
31.91	17.23
31.94	17.28
31.96	17.32
31.99	17.36
32.01	17.35
32.03	17.35
32.06	17.36
32.08	17.38
32.11	17.36
32.13	17.35
32.16	17.31
32.18	17.31
32.2	17.28
32.23	17.25
32.25	17.21
32.28	17.15
32.3	17.1
32.33	17.05
32.35	16.96
32.38	16.86
32.4	16.76
32.42	16.66
32.45	16.59
32.47	16.48
32.5	16.37
32.52	16.27
32.55	16.17
32.57	16.06
32.6	15.98
32.62	15.81
32.64	15.69
32.67	15.54
32.69	15.41
32.72	15.26
32.74	15.14
32.77	14.97
32.79	14.87
32.82	14.7
32.84	14.59
32.86	14.46
32.89	14.33
32.91	14.17
32.94	14.01
32.96	13.83
32.99	13.72
33.01	13.55
33.04	13.37
33.06	13.21
33.08	13.02
33.11	12.89
33.13	12.76
33.16	12.59
33.18	12.44
33.21	12.3
33.23	12.17
33.26	12.07
33.28	11.93
33.3	11.78
33.33	11.69
33.35	11.58
33.38	11.47
33.4	11.36
33.43	11.23
33.45	11.12
33.47	11.04
33.5	10.9
33.52	10.82
33.55	10.71
33.57	10.63
33.6	10.56
33.62	10.49
33.65	10.4
33.67	10.34
33.69	10.24
33.72	10.22
33.74	10.14
33.77	10.1
33.79	10.04
33.82	9.99
33.84	9.92
33.87	9.9
33.89	9.84
33.91	9.84
33.94	9.78
33.96	9.74
33.99	9.76
34.01	9.77
34.04	9.77
34.06	9.78
34.09	9.76
34.11	9.77
34.13	9.81
34.16	9.81
34.18	9.84
34.21	9.83
34.23	9.86
34.26	9.91
34.28	9.96
34.31	10
34.33	10.05
34.35	10.08
34.38	10.16
34.4	10.22
34.43	10.27
34.45	10.36
34.48	10.43
34.5	10.48
34.52	10.57
34.55	10.61
34.57	10.67
34.6	10.75
34.62	10.79
34.65	10.89
34.67	10.99
34.7	11.1
34.72	11.21
34.74	11.34
34.77	11.44
34.79	11.62
34.82	11.73
34.84	11.84
34.87	11.93
34.89	12.07
34.92	12.17
34.94	12.31
34.96	12.39
34.99	12.51
35.01	12.64
35.04	12.8
35.06	12.94
35.09	13.08
35.11	13.2
35.14	13.35
35.16	13.51
35.18	13.68
35.21	13.8
35.23	13.92
35.26	14.08
35.28	14.22
35.31	14.39
35.33	14.52
35.36	14.68
35.38	14.82
35.4	15.01
35.43	15.16
35.45	15.42
35.48	15.57
35.5	15.8
35.53	15.97
35.55	16.19
35.57	16.36
35.6	16.55
35.62	16.65
35.65	16.83
35.67	16.98
35.7	17.19
35.72	17.38
35.75	17.56
35.77	17.75
35.79	17.99
35.82	18.21
35.84	18.44
35.87	18.65
35.89	18.83
35.92	19.06
35.94	19.25
35.97	19.44
35.99	19.63
36.01	19.78
36.04	19.95
36.06	20.17
36.09	20.4
36.11	20.63
36.14	20.82
36.16	21.02
36.19	21.28
36.21	21.51
36.23	21.71
36.26	21.86
36.28	22.03
36.31	22.23
36.33	22.42
36.36	22.57
36.38	22.74
36.41	22.92
36.43	23.12
36.45	23.3
36.48	23.49
36.5	23.63
36.53	23.8
36.55	23.91
36.58	24.07
36.6	24.21
36.62	24.32
36.65	24.42
36.67	24.54
36.7	24.62
36.72	24.75
36.75	24.83
36.77	24.92
36.8	24.99
36.82	25.04
36.84	25.11
36.87	25.13
36.89	25.15
36.92	25.15
36.94	25.15
36.97	25.16
36.99	25.18
37.02	25.15
37.04	25.16
37.06	25.13
37.09	25.13
37.11	25.12
37.14	25.11
37.16	25.05
37.19	25.01
37.21	24.84
37.24	24.73
37.26	24.56
37.28	24.41
37.31	24.23
37.33	24.07
37.36	23.91
37.38	23.84
37.41	23.7
37.43	23.56
37.46	23.39
37.48	23.23
37.5	23.06
37.53	22.91
37.55	22.71
37.58	22.52
37.6	22.32
37.63	22.16
37.65	22
37.68	21.82
37.7	21.62
37.72	21.38
37.75	21.19
37.77	21
37.8	20.79
37.82	20.54
37.85	20.32
37.87	20.08
37.89	19.9
37.92	19.69
37.94	19.46
37.97	19.22
37.99	19.05
38.02	18.85
38.04	18.69
38.07	18.49
38.09	18.29
38.11	18.11
38.14	17.92
38.16	17.71
38.19	17.51
38.21	17.3
38.24	17.11
38.26	16.92
38.29	16.75
38.31	16.59
38.33	16.42
38.36	16.27
38.38	16.14
38.41	16.03
38.43	15.91
38.46	15.78
38.48	15.66
38.51	15.54
38.53	15.43
38.55	15.29
38.58	15.16
38.6	15.02
38.63	14.92
38.65	14.84
38.68	14.74
38.7	14.66
38.73	14.6
38.75	14.52
38.77	14.5
38.8	14.43
38.82	14.4
38.85	14.37
38.87	14.36
38.9	14.29
38.92	14.31
38.94	14.29
38.97	14.3
38.99	14.26
39.02	14.27
39.04	14.26
39.07	14.3
39.09	14.3
39.12	14.31
39.14	14.32
39.16	14.37
39.19	14.41
39.21	14.49
39.24	14.55
39.26	14.61
39.29	14.67
39.31	14.77
39.34	14.85
39.36	14.93
39.38	15.01
39.41	15.06
39.43	15.16
39.46	15.27
39.48	15.36
39.51	15.45
39.53	15.53
39.56	15.65
39.58	15.8
39.6	15.95
39.63	16.08
39.65	16.24
39.68	16.38
39.7	16.57
39.73	16.69
39.75	16.83
39.78	16.94
39.8	17.07
39.82	17.18
39.85	17.38
39.87	17.51
39.9	17.69
39.92	17.87
39.95	18.09
39.97	18.29
39.99	18.5
40.02	18.64
40.04	18.85
40.07	19.03
40.09	19.23
40.12	19.41
40.14	19.59
40.17	19.76
40.19	19.96
40.21	20.17
40.24	20.39
40.26	20.62
40.29	20.82
40.31	21.05
40.34	21.29
40.36	21.57
40.39	21.78
40.41	22.03
40.43	22.19
40.46	22.44
40.48	22.65
40.51	22.9
40.53	23.05
40.56	23.32
40.58	23.51
40.61	23.82
40.63	24.06
40.65	24.34
40.68	24.56
40.7	24.87
40.73	25.12
40.75	25.43
40.78	25.68
40.8	25.9
40.83	26.11
40.85	26.39
40.87	26.64
40.9	26.89
40.92	27.11
40.95	27.38
40.97	27.69
41	28.02
41.02	28.27
41.05	28.55
41.07	28.81
41.09	29.08
41.12	29.3
41.14	29.54
41.17	29.73
41.19	29.95
41.22	30.16
41.24	30.38
41.26	30.56
41.29	30.8
41.31	31.02
41.34	31.26
41.36	31.48
41.39	31.72
41.41	31.9
41.44	32.15
41.46	32.35
41.48	32.51
41.51	32.67
41.53	32.85
41.56	32.95
41.58	33.11
41.61	33.22
41.63	33.35
41.66	33.47
41.68	33.6
41.7	33.67
41.73	33.78
41.75	33.84
41.78	33.91
41.8	33.94
41.83	33.95
41.85	33.98
41.88	34.01
41.9	34.05
41.92	34.05
41.95	34.03
41.97	34.03
42	34
42.02	33.96
42.05	33.95
42.07	33.87
42.1	33.81
42.12	33.71
42.14	33.62
42.17	33.53
42.19	33.47
42.22	33.33
42.24	33.23
42.27	33.09
42.29	32.99
42.31	32.88
42.34	32.75
42.36	32.54
42.39	32.37
42.41	32.18
42.44	32.01
42.46	31.8
42.49	31.55
42.51	31.36
42.53	31.16
42.56	30.97
42.58	30.78
42.61	30.57
42.63	30.33
42.66	30.11
42.68	29.86
42.71	29.63
42.73	29.34
42.75	29.06
42.78	28.81
42.8	28.56
42.83	28.31
42.85	28.07
42.88	27.81
42.9	27.59
42.93	27.37
42.95	27.12
42.97	26.88
43	26.65
43.02	26.4
43.05	26.15
43.07	25.9
43.1	25.66
43.12	25.4
43.15	25.15
43.17	24.92
43.19	24.67
43.22	24.48
43.24	24.27
43.27	24.02
43.29	23.82
43.32	23.66
43.34	23.45
43.36	23.28
43.39	23.07
43.41	22.87
43.44	22.71
43.46	22.55
43.49	22.37
43.51	22.23
43.54	22.06
43.56	21.93
43.58	21.82
43.61	21.71
43.63	21.6
43.66	21.49
43.68	21.37
43.71	21.29
43.73	21.23
43.76	21.12
43.78	21.11
43.8	21.04
43.83	21.01
43.85	20.95
43.88	20.93
43.9	20.89
43.93	20.89
43.95	20.79
43.98	20.81
44	20.78
44.02	20.81
44.05	20.79
44.07	20.79
44.1	20.81
44.12	20.89
44.15	20.91
44.17	20.97
44.2	21.01
44.22	21.1
44.24	21.21
44.27	21.29
44.29	21.36
44.32	21.44
44.34	21.54
44.37	21.65
44.39	21.76
44.41	21.84
44.44	21.96
44.46	22.09
44.49	22.23
44.51	22.41
44.54	22.58
44.56	22.73
44.59	22.91
44.61	23.07
44.63	23.23
44.66	23.39
44.68	23.52
44.71	23.68
44.73	23.83
44.76	24.03
44.78	24.22
44.81	24.45
44.83	24.65
44.85	24.89
44.88	25.1
44.9	25.38
44.93	25.58
44.95	25.8
44.98	26.01
45	26.25
45.03	26.47
45.05	26.71
45.07	26.89
45.1	27.14
45.12	27.41
45.15	27.66
45.17	27.95
45.2	28.2
45.22	28.46
45.25	28.78
45.27	29.08
45.29	29.36
45.32	29.65
45.34	29.84
45.37	30.14
45.39	30.4
45.42	30.69
45.44	30.94
45.47	31.24
45.49	31.49
45.51	31.85
45.54	32.12
45.56	32.49
45.59	32.75
45.61	33.12
45.64	33.42
45.66	33.76
45.68	34.01
45.71	34.39
45.73	34.62
45.76	34.93
45.78	35.2
45.81	35.53
45.83	35.85
45.86	36.21
45.88	36.48
45.9	36.83
45.93	37.15
45.95	37.5
45.98	37.8
46	38.07
46.03	38.36
46.05	38.65
46.08	38.95
46.1	39.26
46.12	39.53
46.15	39.78
46.17	40.1
46.2	40.38
46.22	40.67
46.25	40.94
46.27	41.21
46.3	41.49
46.32	41.74
46.34	42.03
46.37	42.25
46.39	42.48
46.42	42.66
46.44	42.88
46.47	43.06
46.49	43.27
46.52	43.4
46.54	43.58
46.56	43.72
46.59	43.94
46.61	44.07
46.64	44.23
46.66	44.34
46.69	44.48
46.71	44.6
46.73	44.73
46.76	44.77
46.78	44.82
46.81	44.89
46.83	45
46.86	45.07
46.88	45.11
46.91	45.15
46.93	45.17
46.95	45.24
46.98	45.26
47	45.22
47.03	45.17
47.05	45.17
47.08	45.11
47.1	45.11
47.13	45.03
47.15	44.95
47.17	44.88
47.2	44.82
47.22	44.65
47.25	44.62
47.27	44.47
47.3	44.35
47.32	44.2
47.35	44.05
47.37	43.88
47.39	43.79
47.42	43.58
47.44	43.44
47.47	43.28
47.49	43.12
47.52	42.93
47.54	42.71
47.57	42.5
47.59	42.26
47.61	42
47.64	41.74
47.66	41.44
47.69	41.19
47.71	40.95
47.74	40.67
47.76	40.45
47.78	40.18
47.81	39.95
47.83	39.7
47.86	39.45
47.88	39.18
47.91	38.95
47.93	38.63
47.96	38.38
47.98	38.1
48	37.8
48.03	37.48
48.05	37.18
48.08	36.82
48.1	36.56
48.13	36.27
48.15	36
48.18	35.73
48.2	35.45
48.22	35.2
48.25	34.97
48.27	34.69
48.3	34.44
48.32	34.11
48.35	33.83
48.37	33.61
48.4	33.32
48.42	33.06
48.44	32.85
48.47	32.61
48.49	32.46
48.52	32.29
48.54	32.1
48.57	31.93
48.59	31.79
48.62	31.6
48.64	31.46
48.66	31.27
48.69	31.13
48.71	30.97
48.74	30.86
48.76	30.71
48.79	30.63
48.81	30.51
48.84	30.45
48.86	30.37
48.88	30.33
48.91	30.26
48.93	30.21
48.96	30.13
48.98	30.1
49.01	30.06
49.03	30.06
49.05	30.02
49.08	30.06
49.1	30.07
49.13	30.16
49.15	30.18
49.18	30.25
49.2	30.25
49.23	30.35
49.25	30.35
49.27	30.47
49.3	30.5
49.32	30.63
49.35	30.7
49.37	30.87
49.4	30.98
49.42	31.16
49.45	31.24
49.47	31.41
49.49	31.57
49.52	31.75
49.54	31.9
49.57	32.07
49.59	32.2
49.62	32.39
49.64	32.56
49.67	32.73
49.69	32.92
49.71	33.12
49.74	33.34
49.76	33.63
49.79	33.87
49.81	34.13
49.84	34.36
49.86	34.59
49.89	34.84
49.91	35.08
49.93	35.29
49.96	35.54
49.98	35.77
50.01	36.07
50.03	36.37
50.06	36.66
50.08	36.94
50.1	37.27
50.13	37.57
50.15	37.95
50.18	38.24
50.2	38.51
50.23	38.79
50.25	39.12
50.28	39.39
50.3	39.73
50.32	39.98
50.35	40.32
50.37	40.66
50.4	41.04
50.42	41.39
50.45	41.75
50.47	42.07
50.5	42.46
50.52	42.83
50.54	43.2
50.57	43.54
50.59	43.83
50.62	44.18
50.64	44.51
50.67	44.88
50.69	45.2
50.72	45.57
50.74	45.91
50.76	46.36
50.79	46.72
50.81	47.18
50.84	47.53
50.86	47.96
50.89	48.21
50.91	48.59
50.94	48.84
50.96	49.17
50.98	49.37
51.01	49.57
51.03	49.67
51.06	49.86
51.08	49.92
51.11	50
51.13	50
51.15	50
51.18	50
51.2	50
51.23	50
51.25	50
51.28	50
51.3	50
51.33	50
51.35	50
51.37	50
51.4	50
51.42	50
51.45	50
51.47	50
51.5	50
51.52	50
51.55	50
51.57	50
51.59	50
51.62	50
51.64	50
51.67	50
51.69	50
51.72	50
51.74	50
51.77	50
51.79	50
51.81	50
51.84	50
51.86	50
51.89	50
51.91	50
51.94	50
51.96	50
51.99	50
52.01	50
52.03	50
52.06	50
52.08	50
52.11	50
52.13	50
52.16	50
52.18	50
52.2	50
52.23	50
52.25	50
52.28	50
52.3	50
52.33	50
52.35	50
52.38	50
52.4	50
52.42	50
52.45	50
52.47	50
52.5	50
52.52	50
52.55	50
52.57	50
52.6	50
52.62	50
52.64	50
52.67	50
52.69	50
52.72	50
52.74	50
52.77	50
52.79	50
52.82	50
52.84	50
52.86	50
52.89	50
52.91	50
52.94	50
52.96	50
52.99	50
53.01	50
53.04	50
53.06	50
53.08	50
53.11	50
53.13	50
53.16	50
53.18	50
53.21	49.98
53.23	49.92
53.26	49.81
53.28	49.67
53.3	49.47
53.33	49.25
53.35	49.01
53.38	48.71
53.4	48.46
53.43	48.23
53.45	47.95
53.47	47.72
53.5	47.47
53.52	47.19
53.55	46.96
53.57	46.72
53.6	46.42
53.62	46.21
53.65	45.96
53.67	45.73
53.69	45.57
53.72	45.37
53.74	45.2
53.77	45.07
53.79	44.93
53.82	44.81
53.84	44.64
53.87	44.47
53.89	44.42
53.91	44.3
53.94	44.19
53.96	44.09
53.99	44.03
54.01	44
54.04	43.99
54.06	43.89
54.09	43.89
54.11	43.84
54.13	43.84
54.16	43.83
54.18	43.84
54.21	43.84
54.23	43.91
54.26	43.9
54.28	44.04
54.31	44.04
54.33	44.15
54.35	44.21
54.38	44.3
54.4	44.35
54.43	44.5
54.45	44.54
54.48	44.72
54.5	44.78
54.52	44.95
54.55	45.09
54.57	45.31
54.6	45.47
54.62	45.67
54.65	45.82
54.67	46.07
54.7	46.3
54.72	46.5
54.74	46.63
54.77	46.82
54.79	47.03
54.82	47.31
54.84	47.51
54.87	47.72
54.89	47.99
54.92	48.32
54.94	48.63
54.96	48.96
54.99	49.21
55.01	49.47
55.04	49.69
55.06	49.85
55.09	49.94
55.11	50
55.14	50
55.16	50
55.18	50
55.21	50
55.23	50
55.26	50
55.28	50
55.31	50
55.33	50
55.36	50
55.38	50
55.4	50
55.43	50
55.45	50
55.48	50
55.5	50
55.53	50
55.55	50
55.57	50
55.6	50
55.62	50
55.65	50
55.67	50
55.7	50
55.72	50
55.75	50
55.77	50
55.79	50
55.82	50
55.84	50
55.87	50
55.89	50
55.92	50
55.94	50
55.97	50
55.99	50
56.01	50
56.04	50
56.06	50
56.09	50
56.11	50
56.14	50
56.16	50
56.19	50
56.21	50
56.23	50
56.26	50
56.28	50
56.31	50
56.33	50
56.36	50
56.38	50
56.41	50
56.43	50
56.45	50
56.48	50
56.5	50
56.53	50
56.55	50
56.58	50
56.6	50
56.62	50
56.65	50
56.67	50
56.7	50
56.72	50
56.75	50
56.77	50
56.8	50
56.82	50
56.84	50
56.87	50
56.89	50
56.92	50
56.94	50
56.97	50
56.99	50
57.02	50
57.04	50
57.06	50
57.09	50
57.11	50
57.14	50
57.16	50
57.19	50
57.21	50
57.24	50
57.26	50
57.28	50
57.31	50
57.33	50
57.36	50
57.38	50
57.41	50
57.43	50
57.46	50
57.48	50
57.5	50
57.53	50
57.55	50
57.58	50
57.6	50
57.63	50
57.65	50
57.68	50
57.7	50
57.72	50
57.75	50
57.77	50
57.8	50
57.82	50
57.85	50
57.87	50
57.89	50
57.92	50
57.94	50
57.97	50
57.99	50
58.02	50
58.04	50
58.07	50
58.09	50
58.11	50
58.14	50
58.16	50
58.19	50
58.21	50
58.24	50
58.26	50
58.29	50
58.31	50
58.33	50
58.36	50
58.38	50
58.41	50
58.43	50
58.46	50
58.48	50
58.51	50
58.53	50
58.55	50
58.58	50
58.6	50
58.63	50
58.65	50
58.68	50
58.7	50
58.73	50
58.75	50
58.77	50
58.8	50
58.82	50
58.85	50
58.87	50
58.9	50
58.92	50
58.94	50
58.97	50
58.99	50
59.02	50
59.04	50
59.07	50
59.09	50
59.12	50
59.14	50
59.16	50
59.19	50
59.21	50
59.24	50
59.26	50
59.29	50
59.31	50
59.34	50
59.36	50
59.38	50
59.41	50
59.43	50
59.46	50
59.48	50
59.51	50
59.53	50
59.56	50
59.58	50
59.6	50
59.63	50
59.65	50
59.68	50
59.7	50
59.73	50
59.75	50
59.78	50
59.8	50
59.82	50
59.85	50
59.87	50
59.9	50
59.92	50
59.95	50
59.97	50
59.99	50
