U1	IA
0.02	0.42
0.04	0.43
0.07	0.46
0.09	0.47
0.12	0.51
0.14	0.49
0.17	0.47
0.19	0.47
0.21	0.5
0.24	0.47
0.26	0.53
0.29	0.49
0.31	0.5
0.34	0.48
0.36	0.51
0.39	0.48
0.41	0.51
0.43	0.46
0.46	0.52
0.48	0.5
0.51	0.53
0.53	0.49
0.56	0.49
0.58	0.49
0.61	0.49
0.63	0.45
0.65	0.46
0.68	0.43
0.7	0.44
0.73	0.47
0.75	0.46
0.78	0.44
0.8	0.46
0.83	0.45
0.85	0.48
0.87	0.48
0.9	0.46
0.92	0.47
0.95	0.48
0.97	0.47
1	0.51
1.02	0.5
1.05	0.52
1.07	0.53
1.09	0.53
1.12	0.54
1.14	0.55
1.17	0.53
1.19	0.54
1.22	0.5
1.24	0.52
1.26	0.52
1.29	0.51
1.31	0.48
1.34	0.47
1.36	0.46
1.39	0.48
1.41	0.45
1.44	0.43
1.46	0.45
1.48	0.47
1.51	0.48
1.53	0.45
1.56	0.45
1.58	0.46
1.61	0.47
1.63	0.45
1.66	0.46
1.68	0.44
1.7	0.47
1.73	0.48
1.75	0.49
1.78	0.47
1.8	0.49
1.83	0.46
1.85	0.49
1.88	0.46
1.9	0.47
1.92	0.46
1.95	0.48
1.97	0.42
2	0.45
2.02	0.43
2.05	0.46
2.07	0.41
2.1	0.43
2.12	0.42
2.14	0.46
2.17	0.44
2.19	0.47
2.22	0.43
2.24	0.45
2.27	0.45
2.29	0.47
2.31	0.48
2.34	0.48
2.36	0.45
2.39	0.48
2.41	0.49
2.44	0.49
2.46	0.48
2.49	0.47
2.51	0.48
2.53	0.49
2.56	0.49
2.58	0.5
2.61	0.5
2.63	0.49
2.66	0.5
2.68	0.5
2.71	0.5
2.73	0.51
2.75	0.5
2.78	0.51
2.8	0.5
2.83	0.51
2.85	0.51
2.88	0.51
2.9	0.49
2.93	0.53
2.95	0.51
2.97	0.52
3	0.49
3.02	0.51
3.05	0.51
3.07	0.5
3.1	0.47
3.12	0.46
3.15	0.46
3.17	0.48
3.19	0.51
3.22	0.51
3.24	0.52
3.27	0.52
3.29	0.54
3.32	0.55
3.34	0.56
3.36	0.51
3.39	0.52
3.41	0.48
3.44	0.5
3.46	0.49
3.49	0.49
3.51	0.45
3.54	0.45
3.56	0.4
3.58	0.47
3.61	0.44
3.63	0.43
3.66	0.41
3.68	0.47
3.71	0.47
3.73	0.5
3.76	0.45
3.78	0.47
3.8	0.47
3.83	0.48
3.85	0.47
3.88	0.46
3.9	0.44
3.93	0.48
3.95	0.48
3.98	0.48
4	0.46
4.02	0.45
4.05	0.47
4.07	0.51
4.1	0.5
4.12	0.5
4.15	0.49
4.17	0.5
4.2	0.51
4.22	0.5
4.24	0.49
4.27	0.47
4.29	0.48
4.32	0.5
4.34	0.5
4.37	0.5
4.39	0.51
4.42	0.5
4.44	0.5
4.46	0.5
4.49	0.5
4.51	0.51
4.54	0.48
4.56	0.48
4.59	0.49
4.61	0.49
4.63	0.48
4.66	0.49
4.68	0.48
4.71	0.49
4.73	0.49
4.76	0.48
4.78	0.5
4.81	0.5
4.83	0.5
4.85	0.5
4.88	0.5
4.9	0.48
4.93	0.5
4.95	0.49
4.98	0.5
5	0.49
5.03	0.49
5.05	0.48
5.07	0.52
5.1	0.48
5.12	0.54
5.15	0.53
5.17	0.55
5.2	0.51
5.22	0.53
5.25	0.5
5.27	0.54
5.29	0.47
5.32	0.48
5.34	0.44
5.37	0.49
5.39	0.48
5.42	0.49
5.44	0.46
5.47	0.47
5.49	0.47
5.51	0.53
5.54	0.53
5.56	0.51
5.59	0.53
5.61	0.54
5.64	0.53
5.66	0.54
5.68	0.51
5.71	0.5
5.73	0.5
5.76	0.5
5.78	0.52
5.81	0.53
5.83	0.54
5.86	0.56
5.88	0.56
5.9	0.58
5.93	0.58
5.95	0.57
5.98	0.58
6	0.57
6.03	0.54
6.05	0.56
6.08	0.53
6.1	0.52
6.12	0.51
6.15	0.52
6.17	0.52
6.2	0.53
6.22	0.52
6.25	0.56
6.27	0.56
6.3	0.57
6.32	0.56
6.34	0.53
6.37	0.55
6.39	0.55
6.42	0.55
6.44	0.55
6.47	0.54
6.49	0.54
6.52	0.59
6.54	0.58
6.56	0.57
6.59	0.56
6.61	0.58
6.64	0.58
6.66	0.6
6.69	0.58
6.71	0.6
6.73	0.58
6.76	0.59
6.78	0.55
6.81	0.58
6.83	0.55
6.86	0.57
6.88	0.54
6.91	0.58
6.93	0.57
6.95	0.61
6.98	0.63
7	0.65
7.03	0.65
7.05	0.7
7.08	0.66
7.1	0.67
7.13	0.64
7.15	0.61
7.17	0.62
7.2	0.61
7.22	0.6
7.25	0.62
7.27	0.64
7.3	0.66
7.32	0.67
7.35	0.68
7.37	0.69
7.39	0.69
7.42	0.7
7.44	0.7
7.47	0.71
7.49	0.71
7.52	0.71
7.54	0.69
7.57	0.67
7.59	0.67
7.61	0.66
7.64	0.65
7.66	0.66
7.69	0.67
7.71	0.72
7.74	0.74
7.76	0.74
7.78	0.77
7.81	0.76
7.83	0.77
7.86	0.77
7.88	0.74
7.91	0.75
7.93	0.75
7.96	0.75
7.98	0.79
8	0.78
8.03	0.78
8.05	0.8
8.08	0.82
8.1	0.82
8.13	0.81
8.15	0.81
8.18	0.8
8.2	0.83
8.22	0.82
8.25	0.82
8.27	0.79
8.3	0.81
8.32	0.8
8.35	0.83
8.37	0.82
8.4	0.85
8.42	0.81
8.44	0.89
8.47	0.85
8.49	0.9
8.52	0.88
8.54	0.87
8.57	0.86
8.59	0.91
8.62	0.88
8.64	0.92
8.66	0.86
8.69	0.87
8.71	0.88
8.74	0.92
8.76	0.9
8.79	0.9
8.81	0.88
8.84	0.91
8.86	0.94
8.88	0.92
8.91	0.89
8.93	0.89
8.96	0.89
8.98	0.93
9.01	0.9
9.03	0.88
9.05	0.9
9.08	0.92
9.1	0.93
9.13	0.93
9.15	0.92
9.18	0.97
9.2	0.99
9.23	1
9.25	1
9.27	1
9.3	1
9.32	1.02
9.35	0.98
9.37	1
9.4	0.98
9.42	1
9.45	0.98
9.47	1
9.49	0.99
9.52	1.01
9.54	1
9.57	1
9.59	1
9.62	1.02
9.64	1.01
9.67	1
9.69	1
9.71	1.01
9.74	1.01
9.76	1
9.79	1.02
9.81	1.01
9.84	1.02
9.86	1.02
9.89	1.03
9.91	1.05
9.93	1.08
9.96	1.06
9.98	1.08
10.01	1.06
10.03	1.08
10.06	1.05
10.08	1.07
10.1	1.04
10.13	1.02
10.15	1.01
10.18	1.05
10.2	1.01
10.23	1.03
10.25	1.01
10.28	1.03
10.3	1.06
10.32	1.08
10.35	1.04
10.37	1.07
10.4	1.09
10.42	1.12
10.45	1.15
10.47	1.12
10.5	1.11
10.52	1.15
10.54	1.15
10.57	1.15
10.59	1.13
10.62	1.1
10.64	1.12
10.67	1.13
10.69	1.13
10.72	1.13
10.74	1.12
10.76	1.12
10.79	1.13
10.81	1.15
10.84	1.16
10.86	1.15
10.89	1.16
10.91	1.2
10.94	1.19
10.96	1.21
10.98	1.2
11.01	1.2
11.03	1.21
11.06	1.23
11.08	1.21
11.11	1.25
11.13	1.24
11.15	1.26
11.18	1.29
11.2	1.3
11.23	1.27
11.25	1.27
11.28	1.26
11.3	1.29
11.33	1.3
11.35	1.28
11.37	1.3
11.4	1.3
11.42	1.33
11.45	1.34
11.47	1.35
11.5	1.33
11.52	1.36
11.55	1.36
11.57	1.4
11.59	1.38
11.62	1.39
11.64	1.36
11.67	1.39
11.69	1.37
11.72	1.41
11.74	1.4
11.77	1.45
11.79	1.42
11.81	1.47
11.84	1.48
11.86	1.5
11.89	1.48
11.91	1.52
11.94	1.51
11.96	1.57
11.99	1.55
12.01	1.55
12.03	1.57
12.06	1.6
12.08	1.6
12.11	1.63
12.13	1.63
12.16	1.64
12.18	1.66
12.21	1.68
12.23	1.69
12.25	1.7
12.28	1.69
12.3	1.71
12.33	1.71
12.35	1.73
12.38	1.75
12.4	1.76
12.42	1.77
12.45	1.78
12.47	1.78
12.5	1.81
12.52	1.81
12.55	1.8
12.57	1.81
12.6	1.82
12.62	1.81
12.64	1.86
12.67	1.85
12.69	1.87
12.72	1.88
12.74	1.91
12.77	1.91
12.79	1.93
12.82	1.9
12.84	1.92
12.86	1.92
12.89	1.93
12.91	1.92
12.94	1.91
12.96	1.92
12.99	1.94
13.01	1.94
13.04	1.94
13.06	1.92
13.08	1.91
13.11	1.95
13.13	1.94
13.16	1.95
13.18	1.94
13.21	1.95
13.23	1.95
13.26	1.99
13.28	1.96
13.3	1.98
13.33	1.94
13.35	1.96
13.38	1.95
13.4	1.99
13.43	1.97
13.45	2
13.47	1.96
13.5	2
13.52	2.01
13.55	2
13.57	1.98
13.6	1.97
13.62	1.96
13.65	1.99
13.67	1.97
13.69	1.94
13.72	1.92
13.74	1.92
13.77	1.93
13.79	1.91
13.82	1.89
13.84	1.9
13.87	1.89
13.89	1.93
13.91	1.94
13.94	1.93
13.96	1.94
13.99	1.95
14.01	1.93
14.04	1.94
14.06	1.94
14.09	1.92
14.11	1.94
14.13	1.94
14.16	1.94
14.18	1.96
14.21	1.95
14.23	1.97
14.26	1.96
14.28	1.95
14.31	1.96
14.33	1.96
14.35	1.93
14.38	1.94
14.4	1.92
14.43	1.94
14.45	1.93
14.48	1.92
14.5	1.92
14.52	1.93
14.55	1.93
14.57	1.94
14.6	1.92
14.62	1.92
14.65	1.92
14.67	1.93
14.7	1.95
14.72	1.94
14.74	1.94
14.77	1.94
14.79	1.97
14.82	1.96
14.84	1.98
14.87	1.95
14.89	1.96
14.92	1.94
14.94	1.98
14.96	1.97
14.99	1.99
15.01	1.93
15.04	1.97
15.06	1.94
15.09	1.98
15.11	1.96
15.14	1.98
15.16	1.97
15.18	2.02
15.21	2.02
15.23	2.05
15.26	2.03
15.28	2.04
15.31	2.04
15.33	2.06
15.36	2.06
15.38	2.07
15.4	2.05
15.43	2.07
15.45	2.1
15.48	2.09
15.5	2.09
15.53	2.09
15.55	2.1
15.57	2.18
15.6	2.19
15.62	2.2
15.65	2.21
15.67	2.23
15.7	2.27
15.72	2.29
15.75	2.28
15.77	2.31
15.79	2.32
15.82	2.34
15.84	2.36
15.87	2.37
15.89	2.38
15.92	2.41
15.94	2.42
15.97	2.46
15.99	2.48
16.01	2.52
16.04	2.53
16.06	2.57
16.09	2.59
16.11	2.62
16.14	2.63
16.16	2.65
16.19	2.67
16.21	2.7
16.23	2.73
16.26	2.73
16.28	2.74
16.31	2.78
16.33	2.82
16.36	2.84
16.38	2.88
16.41	2.88
16.43	2.96
16.45	2.98
16.48	3
16.5	3.02
16.53	3.05
16.55	3.05
16.58	3.1
16.6	3.11
16.63	3.18
16.65	3.2
16.67	3.26
16.7	3.27
16.72	3.33
16.75	3.33
16.77	3.39
16.8	3.4
16.82	3.45
16.84	3.47
16.87	3.53
16.89	3.55
16.92	3.61
16.94	3.6
16.97	3.66
16.99	3.66
17.02	3.69
17.04	3.74
17.06	3.77
17.09	3.8
17.11	3.84
17.14	3.86
17.16	3.91
17.19	3.94
17.21	3.94
17.24	3.97
17.26	3.99
17.28	4.01
17.31	4.03
17.33	4.03
17.36	4.04
17.38	4.06
17.41	4.08
17.43	4.12
17.46	4.15
17.48	4.14
17.5	4.18
17.53	4.18
17.55	4.19
17.58	4.18
17.6	4.15
17.63	4.13
17.65	4.16
17.68	4.13
17.7	4.13
17.72	4.1
17.75	4.1
17.77	4.14
17.8	4.14
17.82	4.12
17.85	4.11
17.87	4.09
17.89	4.12
17.92	4.11
17.94	4.06
17.97	4.03
17.99	4.01
18.02	4.01
18.04	4
18.07	3.98
18.09	3.96
18.11	3.96
18.14	3.92
18.16	3.93
18.19	3.9
18.21	3.88
18.24	3.85
18.26	3.86
18.29	3.82
18.31	3.84
18.33	3.82
18.36	3.81
18.38	3.76
18.41	3.75
18.43	3.71
18.46	3.7
18.48	3.64
18.51	3.62
18.53	3.59
18.55	3.61
18.58	3.57
18.6	3.55
18.63	3.54
18.65	3.54
18.68	3.53
18.7	3.54
18.73	3.48
18.75	3.46
18.77	3.45
18.8	3.42
18.82	3.41
18.85	3.4
18.87	3.35
18.9	3.35
18.92	3.34
18.94	3.31
18.97	3.33
18.99	3.3
19.02	3.27
19.04	3.27
19.07	3.26
19.09	3.24
19.12	3.23
19.14	3.17
19.16	3.17
19.19	3.15
19.21	3.12
19.24	3.12
19.26	3.1
19.29	3.1
19.31	3.09
19.34	3.1
19.36	3.13
19.38	3.12
19.41	3.11
19.43	3.13
19.46	3.11
19.48	3.12
19.51	3.1
19.53	3.07
19.56	3.09
19.58	3.09
19.6	3.08
19.63	3.09
19.65	3.08
19.68	3.08
19.7	3.11
19.73	3.1
19.75	3.11
19.78	3.1
19.8	3.12
19.82	3.12
19.85	3.15
19.87	3.13
19.9	3.16
19.92	3.14
19.95	3.17
19.97	3.16
19.99	3.22
20.02	3.21
20.04	3.25
20.07	3.22
20.09	3.32
20.12	3.35
20.14	3.41
20.17	3.39
20.19	3.41
20.21	3.43
20.24	3.5
20.26	3.49
20.29	3.5
20.31	3.49
20.34	3.54
20.36	3.59
20.39	3.64
20.41	3.65
20.43	3.69
20.46	3.74
20.48	3.8
20.51	3.84
20.53	3.87
20.56	3.87
20.58	3.91
20.61	3.93
20.63	3.99
20.65	4.02
20.68	4.05
20.7	4.11
20.73	4.17
20.75	4.22
20.78	4.28
20.8	4.32
20.83	4.41
20.85	4.46
20.87	4.54
20.9	4.58
20.92	4.63
20.95	4.66
20.97	4.72
21	4.73
21.02	4.81
21.05	4.85
21.07	4.91
21.09	5
21.12	5.09
21.14	5.16
21.17	5.24
21.19	5.29
21.22	5.37
21.24	5.44
21.26	5.5
21.29	5.56
21.31	5.61
21.34	5.67
21.36	5.73
21.39	5.81
21.41	5.87
21.44	5.96
21.46	5.99
21.48	6.09
21.51	6.15
21.53	6.25
21.56	6.34
21.58	6.43
21.61	6.44
21.63	6.55
21.66	6.56
21.68	6.65
21.7	6.68
21.73	6.75
21.75	6.76
21.78	6.86
21.8	6.9
21.83	7.02
21.85	7.04
21.88	7.11
21.9	7.14
21.92	7.24
21.95	7.27
21.97	7.29
22	7.28
22.02	7.33
22.05	7.36
22.07	7.39
22.1	7.4
22.12	7.42
22.14	7.46
22.17	7.53
22.19	7.55
22.22	7.56
22.24	7.57
22.27	7.57
22.29	7.62
22.31	7.61
22.34	7.6
22.36	7.6
22.39	7.59
22.41	7.59
22.44	7.58
22.46	7.55
22.49	7.53
22.51	7.5
22.53	7.47
22.56	7.47
22.58	7.44
22.61	7.42
22.63	7.37
22.66	7.36
22.68	7.33
22.71	7.3
22.73	7.26
22.75	7.22
22.78	7.17
22.8	7.13
22.83	7.09
22.85	7.02
22.88	6.95
22.9	6.88
22.93	6.82
22.95	6.78
22.97	6.74
23	6.66
23.02	6.67
23.05	6.61
23.07	6.57
23.1	6.53
23.12	6.46
23.15	6.39
23.17	6.34
23.19	6.22
23.22	6.2
23.24	6.12
23.27	6.07
23.29	5.98
23.32	5.94
23.34	5.86
23.36	5.86
23.39	5.77
23.41	5.74
23.44	5.68
23.46	5.65
23.49	5.58
23.51	5.54
23.54	5.44
23.56	5.42
23.58	5.33
23.61	5.31
23.63	5.26
23.66	5.21
23.68	5.18
23.71	5.16
23.73	5.1
23.76	5.12
23.78	5.05
23.8	5
23.83	4.97
23.85	4.94
23.88	4.9
23.9	4.88
23.93	4.82
23.95	4.82
23.98	4.78
24	4.76
24.02	4.74
24.05	4.72
24.07	4.7
24.1	4.7
24.12	4.66
24.15	4.67
24.17	4.66
24.2	4.63
24.22	4.61
24.24	4.63
24.27	4.6
24.29	4.63
24.32	4.58
24.34	4.6
24.37	4.61
24.39	4.63
24.42	4.62
24.44	4.62
24.46	4.62
24.49	4.67
24.51	4.69
24.54	4.7
24.56	4.71
24.59	4.72
24.61	4.76
24.63	4.78
24.66	4.81
24.68	4.81
24.71	4.82
24.73	4.84
24.76	4.9
24.78	4.91
24.81	4.96
24.83	4.97
24.85	5.04
24.88	5.06
24.9	5.16
24.93	5.16
24.95	5.23
24.98	5.26
25	5.33
25.03	5.37
25.05	5.46
25.07	5.48
25.1	5.54
25.12	5.58
25.15	5.67
25.17	5.72
25.2	5.78
25.22	5.82
25.25	5.91
25.27	5.98
25.29	6.07
25.32	6.12
25.34	6.19
25.37	6.26
25.39	6.35
25.42	6.42
25.44	6.48
25.47	6.52
25.49	6.6
25.51	6.69
25.54	6.78
25.56	6.87
25.59	6.96
25.61	7.06
25.64	7.19
25.66	7.27
25.68	7.37
25.71	7.47
25.73	7.58
25.76	7.69
25.78	7.78
25.81	7.85
25.83	7.95
25.86	8.03
25.88	8.16
25.9	8.22
25.93	8.34
25.95	8.47
25.98	8.6
26	8.69
26.03	8.84
26.05	8.94
26.08	9.08
26.1	9.17
26.12	9.27
26.15	9.37
26.17	9.48
26.2	9.59
26.22	9.7
26.25	9.78
26.27	9.88
26.3	10.02
26.32	10.14
26.34	10.28
26.37	10.37
26.39	10.48
26.42	10.61
26.44	10.74
26.47	10.81
26.49	10.94
26.52	11
26.54	11.13
26.56	11.2
26.59	11.33
26.61	11.41
26.64	11.55
26.66	11.58
26.69	11.73
26.71	11.79
26.73	11.9
26.76	11.95
26.78	12.04
26.81	12.07
26.83	12.18
26.86	12.2
26.88	12.25
26.91	12.26
26.93	12.31
26.95	12.35
26.98	12.4
27	12.4
27.03	12.43
27.05	12.46
27.08	12.51
27.1	12.53
27.13	12.52
27.15	12.51
27.17	12.51
27.2	12.49
27.22	12.49
27.25	12.47
27.27	12.44
27.3	12.41
27.32	12.39
27.35	12.36
27.37	12.31
27.39	12.23
27.42	12.18
27.44	12.09
27.47	12.03
27.49	11.96
27.52	11.89
27.54	11.82
27.57	11.74
27.59	11.63
27.61	11.58
27.64	11.45
27.66	11.34
27.69	11.22
27.71	11.12
27.74	11.02
27.76	10.92
27.78	10.78
27.81	10.69
27.83	10.58
27.86	10.48
27.88	10.38
27.91	10.26
27.93	10.14
27.96	10.06
27.98	9.96
28	9.84
28.03	9.72
28.05	9.57
28.08	9.47
28.1	9.33
28.13	9.22
28.15	9.09
28.18	8.99
28.2	8.83
28.22	8.76
28.25	8.61
28.27	8.55
28.3	8.42
28.32	8.34
28.35	8.23
28.37	8.18
28.4	8.07
28.42	8.03
28.44	7.89
28.47	7.82
28.49	7.74
28.52	7.68
28.54	7.61
28.57	7.55
28.59	7.44
28.62	7.41
28.64	7.35
28.66	7.31
28.69	7.27
28.71	7.21
28.74	7.16
28.76	7.14
28.79	7.09
28.81	7.06
28.84	7
28.86	6.92
28.88	6.89
28.91	6.86
28.93	6.82
28.96	6.79
28.98	6.77
29.01	6.77
29.03	6.75
29.05	6.75
29.08	6.74
29.1	6.74
29.13	6.73
29.15	6.76
29.18	6.75
29.2	6.79
29.23	6.79
29.25	6.82
29.27	6.83
29.3	6.86
29.32	6.86
29.35	6.9
29.37	6.9
29.4	6.96
29.42	7.02
29.45	7.06
29.47	7.09
29.49	7.13
29.52	7.18
29.54	7.26
29.57	7.32
29.59	7.34
29.62	7.41
29.64	7.44
29.67	7.52
29.69	7.58
29.71	7.64
29.74	7.66
29.76	7.74
29.79	7.79
29.81	7.94
29.84	8
29.86	8.13
29.89	8.21
29.91	8.35
29.93	8.42
29.96	8.56
29.98	8.58
30.01	8.71
30.03	8.76
30.06	8.88
30.08	8.97
30.1	9.08
30.13	9.16
30.15	9.32
30.18	9.43
30.2	9.59
30.23	9.69
30.25	9.81
30.28	9.96
30.3	10.09
30.32	10.18
30.35	10.29
30.37	10.34
30.4	10.48
30.42	10.6
30.45	10.72
30.47	10.86
30.5	11.02
30.52	11.17
30.54	11.36
30.57	11.53
30.59	11.7
30.62	11.88
30.64	12.05
30.67	12.19
30.69	12.35
30.72	12.46
30.74	12.6
30.76	12.73
30.79	12.86
30.81	12.99
30.84	13.18
30.86	13.34
30.89	13.56
30.91	13.72
30.94	13.93
30.96	14.11
30.98	14.31
31.01	14.45
31.03	14.61
31.06	14.73
31.08	14.93
31.11	15.05
31.13	15.19
31.15	15.33
31.18	15.5
31.2	15.68
31.23	15.87
31.25	16.04
31.28	16.2
31.3	16.41
31.33	16.58
31.35	16.79
31.37	16.93
31.4	17.1
31.42	17.19
31.45	17.36
31.47	17.46
31.5	17.64
31.52	17.72
31.55	17.92
31.57	17.98
31.59	18.15
31.62	18.29
31.64	18.44
31.67	18.52
31.69	18.64
31.72	18.69
31.74	18.83
31.77	18.87
31.79	18.89
31.81	18.91
31.84	18.94
31.86	18.97
31.89	19.01
31.91	19
31.94	19.02
31.96	19.05
31.99	19.08
32.01	19.1
32.03	19.08
32.06	19.05
32.08	19.08
32.11	19.05
32.13	19.02
32.16	18.98
32.18	18.93
32.2	18.88
32.23	18.81
32.25	18.7
32.28	18.63
32.3	18.52
32.33	18.4
32.35	18.3
32.38	18.18
32.4	18.06
32.42	17.95
32.45	17.81
32.47	17.7
32.5	17.54
32.52	17.4
32.55	17.26
32.57	17.09
32.6	16.92
32.62	16.75
32.64	16.58
32.67	16.42
32.69	16.22
32.72	16.02
32.74	15.88
32.77	15.73
32.79	15.57
32.82	15.41
32.84	15.26
32.86	15.08
32.89	14.93
32.91	14.74
32.94	14.55
32.96	14.35
32.99	14.15
33.01	13.94
33.04	13.78
33.06	13.59
33.08	13.42
33.11	13.23
33.13	13.09
33.16	12.9
33.18	12.8
33.21	12.66
33.23	12.55
33.26	12.41
33.28	12.29
33.3	12.12
33.33	12.01
33.35	11.85
33.38	11.71
33.4	11.56
33.43	11.46
33.45	11.35
33.47	11.28
33.5	11.18
33.52	11.09
33.55	11.05
33.57	11.01
33.6	10.92
33.62	10.86
33.65	10.78
33.67	10.74
33.69	10.69
33.72	10.6
33.74	10.55
33.77	10.5
33.79	10.44
33.82	10.43
33.84	10.41
33.87	10.38
33.89	10.37
33.91	10.37
33.94	10.38
33.96	10.4
33.99	10.38
34.01	10.41
34.04	10.39
34.06	10.43
34.09	10.44
34.11	10.46
34.13	10.48
34.16	10.51
34.18	10.54
34.21	10.62
34.23	10.63
34.26	10.67
34.28	10.72
34.31	10.78
34.33	10.83
34.35	10.88
34.38	10.92
34.4	10.99
34.43	11.08
34.45	11.16
34.48	11.26
34.5	11.3
34.52	11.39
34.55	11.47
34.57	11.58
34.6	11.66
34.62	11.76
34.65	11.81
34.67	11.99
34.7	12.09
34.72	12.27
34.74	12.39
34.77	12.56
34.79	12.63
34.82	12.82
34.84	12.9
34.87	13.07
34.89	13.14
34.92	13.28
34.94	13.4
34.96	13.62
34.99	13.74
35.01	13.95
35.04	14.08
35.06	14.28
35.09	14.45
35.11	14.66
35.14	14.82
35.16	15.01
35.18	15.15
35.21	15.35
35.23	15.5
35.26	15.68
35.28	15.82
35.31	15.99
35.33	16.18
35.36	16.42
35.38	16.61
35.4	16.87
35.43	17.08
35.45	17.32
35.48	17.53
35.5	17.74
35.53	17.94
35.55	18.15
35.57	18.31
35.6	18.5
35.62	18.66
35.65	18.89
35.67	19.06
35.7	19.28
35.72	19.47
35.75	19.74
35.77	19.99
35.79	20.26
35.82	20.47
35.84	20.74
35.87	20.98
35.89	21.23
35.92	21.4
35.94	21.61
35.97	21.8
35.99	22.04
36.01	22.25
36.04	22.46
36.06	22.69
36.09	22.94
36.11	23.19
36.14	23.46
36.16	23.71
36.19	23.92
36.21	24.17
36.23	24.34
36.26	24.57
36.28	24.74
36.31	24.94
36.33	25.07
36.36	25.28
36.38	25.43
36.41	25.72
36.43	25.88
36.45	26.1
36.48	26.24
36.5	26.42
36.53	26.55
36.55	26.73
36.58	26.8
36.6	26.9
36.62	26.97
36.65	27.1
36.67	27.2
36.7	27.28
36.72	27.31
36.75	27.37
36.77	27.44
36.8	27.52
36.82	27.55
36.84	27.56
36.87	27.64
36.89	27.68
36.92	27.7
36.94	27.68
36.97	27.64
36.99	27.61
37.02	27.58
37.04	27.5
37.06	27.43
37.09	27.32
37.11	27.24
37.14	27.14
37.16	27.02
37.19	26.9
37.21	26.76
37.24	26.61
37.26	26.5
37.28	26.36
37.31	26.22
37.33	26.08
37.36	25.9
37.38	25.72
37.41	25.57
37.43	25.39
37.46	25.19
37.48	24.97
37.5	24.74
37.53	24.52
37.55	24.3
37.58	24.06
37.6	23.84
37.63	23.61
37.65	23.4
37.68	23.18
37.7	22.96
37.72	22.73
37.75	22.5
37.77	22.24
37.8	21.98
37.82	21.7
37.85	21.44
37.87	21.19
37.89	20.95
37.92	20.7
37.94	20.48
37.97	20.23
37.99	20.05
38.02	19.82
38.04	19.6
38.07	19.36
38.09	19.16
38.11	18.93
38.14	18.74
38.16	18.45
38.19	18.23
38.21	18.02
38.24	17.83
38.26	17.61
38.29	17.41
38.31	17.22
38.33	17.16
38.36	16.99
38.38	16.84
38.41	16.66
38.43	16.53
38.46	16.41
38.48	16.28
38.51	16.08
38.53	15.96
38.55	15.83
38.58	15.75
38.6	15.64
38.63	15.54
38.65	15.45
38.68	15.39
38.7	15.33
38.73	15.3
38.75	15.25
38.77	15.21
38.8	15.18
38.82	15.16
38.85	15.12
38.87	15.12
38.9	15.07
38.92	15.07
38.94	15.06
38.97	15.08
38.99	15.11
39.02	15.15
39.04	15.13
39.07	15.21
39.09	15.22
39.12	15.27
39.14	15.31
39.16	15.33
39.19	15.38
39.21	15.48
39.24	15.54
39.26	15.61
39.29	15.66
39.31	15.75
39.34	15.88
39.36	15.99
39.38	16.09
39.41	16.17
39.43	16.28
39.46	16.4
39.48	16.55
39.51	16.64
39.53	16.75
39.56	16.86
39.58	17.03
39.6	17.18
39.63	17.36
39.65	17.49
39.68	17.7
39.7	17.82
39.73	18.02
39.75	18.16
39.78	18.34
39.8	18.5
39.82	18.68
39.85	18.81
39.87	19.08
39.9	19.27
39.92	19.51
39.95	19.69
39.97	19.94
39.99	20.18
40.02	20.43
40.04	20.63
40.07	20.82
40.09	21
40.12	21.24
40.14	21.44
40.17	21.62
40.19	21.81
40.21	22.05
40.24	22.31
40.26	22.6
40.29	22.85
40.31	23.13
40.34	23.42
40.36	23.73
40.39	24.01
40.41	24.31
40.43	24.53
40.46	24.81
40.48	25.04
40.51	25.3
40.53	25.53
40.56	25.78
40.58	25.99
40.61	26.32
40.63	26.59
40.65	26.93
40.68	27.23
40.7	27.55
40.73	27.83
40.75	28.16
40.78	28.41
40.8	28.72
40.83	28.97
40.85	29.22
40.87	29.5
40.9	29.83
40.92	30.12
40.95	30.44
40.97	30.72
41	31.03
41.02	31.39
41.05	31.71
41.07	32.01
41.09	32.28
41.12	32.53
41.14	32.78
41.17	33.07
41.19	33.28
41.22	33.53
41.24	33.7
41.26	33.97
41.29	34.18
41.31	34.48
41.34	34.68
41.36	34.94
41.39	35.14
41.41	35.4
41.44	35.6
41.46	35.83
41.48	35.93
41.51	36.1
41.53	36.24
41.56	36.41
41.58	36.52
41.61	36.63
41.63	36.72
41.66	36.86
41.68	36.98
41.7	37.08
41.73	37.13
41.75	37.2
41.78	37.26
41.8	37.36
41.83	37.4
41.85	37.4
41.88	37.38
41.9	37.38
41.92	37.38
41.95	37.37
41.97	37.3
42	37.26
42.02	37.19
42.05	37.12
42.07	37.04
42.1	36.92
42.12	36.81
42.14	36.69
42.17	36.55
42.19	36.42
42.22	36.27
42.24	36.12
42.27	35.96
42.29	35.78
42.31	35.6
42.34	35.42
42.36	35.2
42.39	34.97
42.41	34.75
42.44	34.48
42.46	34.23
42.49	33.96
42.51	33.71
42.53	33.5
42.56	33.27
42.58	33.02
42.61	32.79
42.63	32.54
42.66	32.32
42.68	32.04
42.71	31.73
42.73	31.44
42.75	31.13
42.78	30.81
42.8	30.53
42.83	30.21
42.85	29.92
42.88	29.65
42.9	29.4
42.93	29.11
42.95	28.86
42.97	28.58
43	28.36
43.02	28.08
43.05	27.79
43.07	27.48
43.1	27.23
43.12	26.95
43.15	26.68
43.17	26.36
43.19	26.1
43.22	25.86
43.24	25.65
43.27	25.47
43.29	25.26
43.32	25.04
43.34	24.87
43.36	24.7
43.39	24.52
43.41	24.31
43.44	24.09
43.46	23.92
43.49	23.75
43.51	23.58
43.54	23.43
43.56	23.28
43.58	23.17
43.61	23.05
43.63	22.94
43.66	22.84
43.68	22.76
43.71	22.68
43.73	22.62
43.76	22.52
43.78	22.46
43.8	22.38
43.83	22.34
43.85	22.27
43.88	22.25
43.9	22.19
43.93	22.18
43.95	22.12
43.98	22.14
44	22.16
44.02	22.19
44.05	22.2
44.07	22.23
44.1	22.29
44.12	22.4
44.15	22.47
44.17	22.51
44.2	22.59
44.22	22.66
44.24	22.79
44.27	22.89
44.29	22.97
44.32	23.05
44.34	23.18
44.37	23.27
44.39	23.46
44.41	23.55
44.44	23.72
44.46	23.85
44.49	24.05
44.51	24.17
44.54	24.42
44.56	24.56
44.59	24.8
44.61	24.91
44.63	25.14
44.66	25.3
44.68	25.54
44.71	25.67
44.73	25.91
44.76	26.11
44.78	26.43
44.81	26.67
44.83	26.94
44.85	27.21
44.88	27.5
44.9	27.77
44.93	28.06
44.95	28.26
44.98	28.49
45	28.74
45.03	29.01
45.05	29.25
45.07	29.52
45.1	29.76
45.12	30.1
45.15	30.41
45.17	30.74
45.2	31.06
45.22	31.38
45.25	31.69
45.27	32.05
45.29	32.33
45.32	32.64
45.34	32.91
45.37	33.2
45.39	33.49
45.42	33.81
45.44	34.08
45.47	34.47
45.49	34.78
45.51	35.14
45.54	35.47
45.56	35.88
45.59	36.23
45.61	36.6
45.64	36.91
45.66	37.3
45.68	37.61
45.71	37.91
45.73	38.21
45.76	38.5
45.78	38.84
45.81	39.18
45.83	39.53
45.86	39.88
45.88	40.26
45.9	40.59
45.93	41.01
45.95	41.34
45.98	41.71
46	41.99
46.03	42.34
46.05	42.62
46.08	42.98
46.1	43.2
46.12	43.54
46.15	43.76
46.17	44.14
46.2	44.44
46.22	44.82
46.25	45.09
46.27	45.42
46.3	45.67
46.32	46.02
46.34	46.26
46.37	46.5
46.39	46.66
46.42	46.89
46.44	47.1
46.47	47.32
46.49	47.49
46.52	47.67
46.54	47.88
46.56	48.1
46.59	48.28
46.61	48.46
46.64	48.6
46.66	48.77
46.69	48.91
46.71	49.02
46.73	49.12
46.76	49.22
46.78	49.26
46.81	49.33
46.83	49.36
46.86	49.4
46.88	49.43
46.91	49.45
46.93	49.45
46.95	49.48
46.98	49.47
47	49.44
47.03	49.4
47.05	49.38
47.08	49.35
47.1	49.33
47.13	49.3
47.15	49.19
47.17	49.07
47.2	48.96
47.22	48.84
47.25	48.69
47.27	48.5
47.3	48.3
47.32	48.16
47.35	48.03
47.37	47.82
47.39	47.62
47.42	47.41
47.44	47.2
47.47	46.99
47.49	46.78
47.52	46.52
47.54	46.3
47.57	46.05
47.59	45.78
47.61	45.52
47.64	45.22
47.66	44.92
47.69	44.6
47.71	44.29
47.74	43.96
47.76	43.7
47.78	43.44
47.81	43.16
47.83	42.88
47.86	42.6
47.88	42.29
47.91	41.97
47.93	41.63
47.96	41.26
47.98	40.93
48	40.58
48.03	40.23
48.05	39.91
48.08	39.57
48.1	39.25
48.13	39.02
48.15	38.7
48.18	38.4
48.2	38.14
48.22	37.87
48.25	37.63
48.27	37.34
48.3	36.99
48.32	36.75
48.35	36.47
48.37	36.2
48.4	35.94
48.42	35.68
48.44	35.47
48.47	35.26
48.49	35.03
48.52	34.87
48.54	34.7
48.57	34.49
48.59	34.33
48.62	34.12
48.64	33.95
48.66	33.81
48.69	33.61
48.71	33.44
48.74	33.3
48.76	33.17
48.79	33.09
48.81	32.98
48.84	32.86
48.86	32.79
48.88	32.75
48.91	32.72
48.93	32.69
48.96	32.64
48.98	32.66
49.01	32.66
49.03	32.66
49.05	32.66
49.08	32.7
49.1	32.72
49.13	32.78
49.15	32.78
49.18	32.82
49.2	32.88
49.23	32.97
49.25	33.08
49.27	33.15
49.3	33.23
49.32	33.35
49.35	33.5
49.37	33.66
49.4	33.82
49.42	33.91
49.45	34.08
49.47	34.23
49.49	34.41
49.52	34.54
49.54	34.68
49.57	34.79
49.59	35
49.62	35.14
49.64	35.39
49.67	35.56
49.69	35.82
49.71	36.04
49.74	36.35
49.76	36.58
49.79	36.89
49.81	37.1
49.84	37.35
49.86	37.58
49.89	37.86
49.91	38.11
49.93	38.36
49.96	38.58
49.98	38.9
50.01	39.24
50.03	39.59
50.06	39.88
50.08	40.18
50.1	40.55
50.13	40.96
50.15	41.29
50.18	41.66
50.2	41.89
50.23	42.24
50.25	42.59
50.28	42.89
50.3	43.22
50.32	43.54
50.35	43.86
50.37	44.35
50.4	44.73
50.42	45.14
50.45	45.57
50.47	45.97
50.5	46.4
50.52	46.9
50.54	47.21
50.57	47.6
50.59	47.92
50.62	48.31
50.64	48.7
50.67	49.04
50.69	49.26
50.72	49.54
50.74	49.74
50.76	49.93
50.79	49.98
50.81	50
50.84	50
50.86	50
50.89	50
50.91	50
50.94	50
50.96	50
50.98	50
51.01	50
51.03	50
51.06	50
51.08	50
51.11	50
51.13	50
51.15	50
51.18	50
51.2	50
51.23	50
51.25	50
51.28	50
51.3	50
51.33	50
51.35	50
51.37	50
51.4	50
51.42	50
51.45	50
51.47	50
51.5	50
51.52	50
51.55	50
51.57	50
51.59	50
51.62	50
51.64	50
51.67	50
51.69	50
51.72	50
51.74	50
51.77	50
51.79	50
51.81	50
51.84	50
51.86	50
51.89	50
51.91	50
51.94	50
51.96	50
51.99	50
52.01	50
52.03	50
52.06	50
52.08	50
52.11	50
52.13	50
52.16	50
52.18	50
52.2	50
52.23	50
52.25	50
52.28	50
52.3	50
52.33	50
52.35	50
52.38	50
52.4	50
52.42	50
52.45	50
52.47	50
52.5	50
52.52	50
52.55	50
52.57	50
52.6	50
52.62	50
52.64	50
52.67	50
52.69	50
52.72	50
52.74	50
52.77	50
52.79	50
52.82	50
52.84	50
52.86	50
52.89	50
52.91	50
52.94	50
52.96	50
52.99	50
53.01	50
53.04	50
53.06	50
53.08	50
53.11	50
53.13	50
53.16	50
53.18	50
53.21	50
53.23	50
53.26	50
53.28	50
53.3	50
53.33	50
53.35	50
53.38	50
53.4	50
53.43	50
53.45	50
53.47	50
53.5	50
53.52	50
53.55	50
53.57	50
53.6	50
53.62	50
53.65	49.98
53.67	49.92
53.69	49.85
53.72	49.76
53.74	49.68
53.77	49.59
53.79	49.47
53.82	49.3
53.84	49.17
53.87	49.03
53.89	48.91
53.91	48.79
53.94	48.63
53.96	48.53
53.99	48.5
54.01	48.46
54.04	48.42
54.06	48.36
54.09	48.34
54.11	48.36
54.13	48.34
54.16	48.34
54.18	48.34
54.21	48.34
54.23	48.35
54.26	48.39
54.28	48.39
54.31	48.48
54.33	48.48
54.35	48.57
54.38	48.62
54.4	48.77
54.43	48.86
54.45	49.01
54.48	49.08
54.5	49.3
54.52	49.44
54.55	49.65
54.57	49.74
54.6	49.85
54.62	49.91
54.65	50
54.67	50
54.7	50
54.72	50
54.74	50
54.77	50
54.79	50
54.82	50
54.84	50
54.87	50
54.89	50
54.92	50
54.94	50
54.96	50
54.99	50
55.01	50
55.04	50
55.06	50
55.09	50
55.11	50
55.14	50
55.16	50
55.18	50
55.21	50
55.23	50
55.26	50
55.28	50
55.31	50
55.33	50
55.36	50
55.38	50
55.4	50
55.43	50
55.45	50
55.48	50
55.5	50
55.53	50
55.55	50
55.57	50
55.6	50
55.62	50
55.65	50
55.67	50
55.7	50
55.72	50
55.75	50
55.77	50
55.79	50
55.82	50
55.84	50
55.87	50
55.89	50
55.92	50
55.94	50
55.97	50
55.99	50
56.01	50
56.04	50
56.06	50
56.09	50
56.11	50
56.14	50
56.16	50
56.19	50
56.21	50
56.23	50
56.26	50
56.28	50
56.31	50
56.33	50
56.36	50
56.38	50
56.41	50
56.43	50
56.45	50
56.48	50
56.5	50
56.53	50
56.55	50
56.58	50
56.6	50
56.62	50
56.65	50
56.67	50
56.7	50
56.72	50
56.75	50
56.77	50
56.8	50
56.82	50
56.84	50
56.87	50
56.89	50
56.92	50
56.94	50
56.97	50
56.99	50
57.02	50
57.04	50
57.06	50
57.09	50
57.11	50
57.14	50
57.16	50
57.19	50
57.21	50
57.24	50
57.26	50
57.28	50
57.31	50
57.33	50
57.36	50
57.38	50
57.41	50
57.43	50
57.46	50
57.48	50
57.5	50
57.53	50
57.55	50
57.58	50
57.6	50
57.63	50
57.65	50
57.68	50
57.7	50
57.72	50
57.75	50
57.77	50
57.8	50
57.82	50
57.85	50
57.87	50
57.89	50
57.92	50
57.94	50
57.97	50
57.99	50
58.02	50
58.04	50
58.07	50
58.09	50
58.11	50
58.14	50
58.16	50
58.19	50
58.21	50
58.24	50
58.26	50
58.29	50
58.31	50
58.33	50
58.36	50
58.38	50
58.41	50
58.43	50
58.46	50
58.48	50
58.51	50
58.53	50
58.55	50
58.58	50
58.6	50
58.63	50
58.65	50
58.68	50
58.7	50
58.73	50
58.75	50
58.77	50
58.8	50
58.82	50
58.85	50
58.87	50
58.9	50
58.92	50
58.94	50
58.97	50
58.99	50
59.02	50
59.04	50
59.07	50
59.09	50
59.12	50
59.14	50
59.16	50
59.19	50
59.21	50
59.24	50
59.26	50
59.29	50
59.31	50
59.34	50
59.36	50
59.38	50
59.41	50
59.43	50
59.46	50
59.48	50
59.51	50
59.53	50
59.56	50
59.58	50
59.6	50
59.63	50
59.65	50
59.68	50
59.7	50
59.73	50
59.75	50
59.78	50
59.8	50
59.82	50
59.85	50
59.87	50
59.9	50
59.92	50
59.95	50
59.97	50
59.99	50
